20,00000	20,20000	20,40000	20,60000	20,80000	21,00000	21,20000	21,40000	21,60000	21,80000	22,00000	22,20000	22,40000	22,60000	22,80000	23,00000	23,20000	23,40000	23,60000	23,80000	24,00000	24,20000	24,40000	24,60000	24,80000	25,00000	25,20000	25,40000	25,60000	25,80000	26,00000	26,20000	26,40000	26,60000	26,80000	27,00000	27,20000	27,40000	27,60000	27,80000	28,00000	28,20000	28,40000	28,60000	28,80000	29,00000	29,20000	29,40000	29,60000	29,80000	30,00000
20,00000	20,20000	20,40000	20,60000	20,80000	21,00000	21,20000	21,40000	21,60000	21,80000	22,00000	22,20000	22,40000	22,60000	22,80000	23,00000	23,20000	23,40000	23,60000	23,80000	24,00000	24,20000	24,40000	24,60000	24,80000	25,00000	25,20000	25,40000	25,60000	25,80000	26,00000	26,20000	26,40000	26,60000	26,80000	27,00000	27,20000	27,40000	27,60000	27,80000	28,00000	28,20000	28,40000	28,60000	28,80000	29,00000	29,20000	29,40000	29,60000	29,80000	30,00000
0,02029	0,02002	0,01905	0,02033	0,02060	0,02064	0,01979	0,02353	0,02174	0,02287	0,01917	0,02138	0,02249	0,02044	0,02225	0,02040	0,02164	0,02388	0,01978	0,02001	0,02070	0,02095	0,02149	0,01942	0,01929	0,02051	0,02253	0,02075	0,02063	0,02111	0,02194	0,01920	0,02058	0,02269	0,02170	0,01955	0,01965	0,01992	0,02287	0,02119	0,02319	0,01991	0,02067	0,01988	0,02054	0,02066	0,01979	0,01973	0,02007	0,02048	0,02022
0,01984	0,01937	0,01898	0,02053	0,02037	0,02280	0,01935	0,01979	0,01991	0,01944	0,02088	0,02213	0,02194	0,02064	0,02001	0,01999	0,02267	0,02049	0,02063	0,02287	0,02187	0,02055	0,02258	0,02041	0,02075	0,02332	0,02276	0,02065	0,02064	0,02084	0,02219	0,02070	0,02289	0,02059	0,02025	0,02117	0,02024	0,01913	0,01900	0,01998	0,01973	0,02127	0,02059	0,02181	0,02270	0,02102	0,02034	0,02043	0,01959	0,02296	0,02306
0,01949	0,02318	0,02042	0,01973	0,01970	0,02006	0,01998	0,02302	0,02071	0,02353	0,02066	0,02222	0,02139	0,02233	0,02020	0,01956	0,02261	0,02052	0,01995	0,02156	0,02110	0,02283	0,02242	0,02030	0,02000	0,01970	0,02100	0,02015	0,02036	0,02073	0,02049	0,02070	0,02065	0,02140	0,01993	0,02019	0,02018	0,02001	0,01923	0,02213	0,02077	0,01995	0,02044	0,02150	0,01979	0,02186	0,01938	0,02029	0,02065	0,02025	0,01958
0,02231	0,02053	0,01958	0,01952	0,02063	0,02320	0,02103	0,01966	0,01963	0,02019	0,01982	0,02273	0,01958	0,02323	0,01948	0,01976	0,02053	0,02318	0,02149	0,02330	0,02084	0,02104	0,02300	0,02169	0,02357	0,02050	0,02187	0,02283	0,02053	0,02132	0,01998	0,02155	0,01981	0,02102	0,02128	0,02021	0,02070	0,02042	0,01946	0,02080	0,02067	0,02066	0,01952	0,02011	0,02034	0,02037	0,01982	0,01957	0,01920	0,01997	0,02057
0,01965	0,02046	0,01913	0,02001	0,01994	0,02224	0,02080	0,02248	0,02050	0,02022	0,02365	0,02256	0,02249	0,01989	0,02302	0,02274	0,02114	0,01999	0,02090	0,02119	0,02098	0,02359	0,02345	0,02478	0,02166	0,02247	0,02378	0,02083	0,02036	0,02096	0,02107	0,02250	0,02046	0,02278	0,02094	0,02067	0,01949	0,01980	0,02048	0,01962	0,02013	0,02153	0,02358	0,01953	0,02153	0,01976	0,02076	0,01902	0,02237	0,02412	0,02295
0,02040	0,02080	0,02294	0,02283	0,02018	0,01989	0,02332	0,02172	0,02234	0,02024	0,02061	0,02131	0,02168	0,02024	0,02227	0,02401	0,02400	0,02407	0,02472	0,02198	0,02181	0,02222	0,02240	0,02354	0,02253	0,02300	0,02233	0,02189	0,02130	0,02146	0,02052	0,02282	0,02205	0,02163	0,02035	0,02228	0,01906	0,02023	0,02223	0,02000	0,01968	0,02007	0,01986	0,02123	0,02051	0,02214	0,02046	0,02027	0,02300	0,02010	0,02026
0,02107	0,01946	0,02122	0,02339	0,01996	0,01973	0,02079	0,02218	0,02036	0,02007	0,02023	0,02358	0,02036	0,02128	0,02162	0,02426	0,02135	0,02118	0,02524	0,02247	0,02297	0,02333	0,02305	0,02746	0,02458	0,02659	0,02416	0,02372	0,02495	0,02407	0,02196	0,02415	0,02096	0,02373	0,02080	0,02047	0,02209	0,02266	0,02007	0,01954	0,02053	0,02039	0,01994	0,02163	0,02027	0,02155	0,02275	0,02269	0,02007	0,02267	0,01942
0,02067	0,02036	0,02041	0,02120	0,01965	0,02220	0,02331	0,02086	0,02202	0,01932	0,02329	0,02377	0,02051	0,02219	0,02115	0,02179	0,02399	0,02398	0,02376	0,02207	0,02256	0,02315	0,02654	0,02432	0,02536	0,02544	0,02657	0,02646	0,02513	0,02480	0,02335	0,02418	0,02165	0,02460	0,02267	0,02143	0,02006	0,02020	0,01984	0,01981	0,01981	0,01968	0,02230	0,02115	0,02117	0,02280	0,02019	0,02016	0,02096	0,02068	0,02062
0,02171	0,02311	0,02393	0,02248	0,02013	0,02281	0,02006	0,01959	0,02047	0,02323	0,02008	0,02053	0,02001	0,02387	0,02150	0,02278	0,02214	0,02138	0,02176	0,02340	0,02461	0,02477	0,02285	0,02591	0,02513	0,02571	0,02812	0,02775	0,02872	0,02793	0,02401	0,02457	0,02385	0,02390	0,02211	0,02300	0,01997	0,02038	0,02071	0,01988	0,02194	0,02275	0,01926	0,02273	0,02167	0,02044	0,02338	0,02409	0,02006	0,02241	0,02139
0,02267	0,02013	0,02311	0,02198	0,01952	0,02272	0,01922	0,02082	0,02053	0,02181	0,02036	0,02262	0,02147	0,02197	0,02443	0,02149	0,02119	0,02382	0,02478	0,02506	0,02418	0,02391	0,02364	0,02637	0,02709	0,02480	0,02560	0,02602	0,02972	0,02645	0,02666	0,02490	0,02689	0,02350	0,02361	0,02203	0,02062	0,02314	0,01975	0,01988	0,01938	0,02004	0,02026	0,02093	0,01976	0,02057	0,02354	0,02289	0,02278	0,01963	0,02186
0,01998	0,02115	0,02075	0,02260	0,02358	0,02008	0,02277	0,02476	0,02259	0,02130	0,02244	0,02147	0,02377	0,02609	0,02478	0,02260	0,02253	0,02292	0,02290	0,02480	0,02482	0,02534	0,02802	0,02678	0,02926	0,02661	0,02481	0,02597	0,02593	0,02683	0,02914	0,02703	0,02592	0,02714	0,02378	0,02244	0,02115	0,01984	0,02195	0,02358	0,02116	0,01995	0,02044	0,02179	0,02035	0,02145	0,01952	0,02325	0,02080	0,02057	0,01900
0,02023	0,01948	0,01939	0,01951	0,01948	0,02236	0,02372	0,02214	0,02268	0,02254	0,02196	0,02255	0,02336	0,02458	0,02509	0,02374	0,02293	0,02347	0,02649	0,02274	0,02784	0,02904	0,02784	0,02938	0,02860	0,02930	0,02872	0,02577	0,02480	0,02466	0,02638	0,02553	0,02942	0,02602	0,02381	0,02325	0,02304	0,02106	0,01985	0,02040	0,01933	0,02296	0,01964	0,02074	0,02079	0,02018	0,02278	0,02110	0,02392	0,02049	0,02057
0,02141	0,02029	0,02027	0,01931	0,01987	0,02051	0,02182	0,02277	0,02291	0,02206	0,02258	0,02434	0,02513	0,02429	0,02637	0,02635	0,02298	0,02154	0,02190	0,02356	0,02373	0,02483	0,02650	0,02954	0,03140	0,03306	0,03017	0,02625	0,02510	0,02388	0,02798	0,02444	0,02487	0,02528	0,02469	0,02401	0,02232	0,02197	0,02120	0,02043	0,02174	0,01956	0,02053	0,02169	0,02123	0,02382	0,02040	0,02096	0,02055	0,02105	0,01979
0,02051	0,01965	0,02150	0,02025	0,02107	0,02303	0,02382	0,02304	0,02163	0,02212	0,02518	0,02609	0,02746	0,02312	0,02486	0,02055	0,02194	0,02162	0,02534	0,02418	0,02608	0,02624	0,02374	0,02463	0,02861	0,03101	0,03177	0,03068	0,02588	0,02272	0,02312	0,02477	0,02577	0,02660	0,02629	0,02439	0,02448	0,02159	0,02300	0,02077	0,02209	0,01977	0,02198	0,02179	0,02183	0,02138	0,02094	0,02388	0,02172	0,02037	0,02342
0,02001	0,01988	0,01982	0,01974	0,02049	0,02192	0,02341	0,02216	0,02298	0,02927	0,02930	0,02666	0,02312	0,02081	0,01983	0,02150	0,02205	0,02742	0,02841	0,04072	0,03312	0,03613	0,02959	0,02710	0,02778	0,02883	0,03077	0,03193	0,03041	0,02773	0,02341	0,02122	0,02187	0,02310	0,02308	0,02624	0,02658	0,02263	0,02112	0,02299	0,02011	0,01992	0,02036	0,02515	0,02264	0,02540	0,02211	0,02023	0,02121	0,01997	0,02199
0,02167	0,02049	0,02125	0,02396	0,02144	0,02539	0,02368	0,02398	0,02838	0,03172	0,02910	0,02626	0,02034	0,02183	0,02741	0,03118	0,03177	0,03800	0,04442	0,04969	0,05325	0,05497	0,04286	0,04167	0,03333	0,03056	0,03061	0,03287	0,03487	0,02941	0,02613	0,02453	0,02087	0,02051	0,02131	0,02298	0,02737	0,02354	0,02278	0,02105	0,02167	0,02102	0,02004	0,02639	0,02586	0,02330	0,02615	0,02161	0,02273	0,02264	0,02279
0,02155	0,02123	0,02068	0,02068	0,02328	0,02445	0,02682	0,02901	0,02986	0,03171	0,03013	0,02103	0,02207	0,03292	0,04197	0,04649	0,04759	0,06357	0,06187	0,08003	0,08204	0,08752	0,08443	0,06936	0,05262	0,04017	0,03447	0,03470	0,03556	0,03445	0,02831	0,02754	0,02286	0,02124	0,02002	0,02159	0,02588	0,02459	0,02481	0,02534	0,02074	0,02214	0,01961	0,02460	0,02620	0,02383	0,02338	0,02578	0,02307	0,02235	0,02112
0,02156	0,01965	0,02092	0,02271	0,02458	0,02916	0,02702	0,03181	0,03368	0,03306	0,02637	0,02637	0,03171	0,04907	0,05878	0,07517	0,08405	0,09551	0,09252	0,13078	0,12236	0,12994	0,12498	0,11997	0,07998	0,06139	0,04310	0,04033	0,03811	0,03642	0,03074	0,02893	0,02844	0,02328	0,02067	0,02034	0,02126	0,02270	0,02457	0,02162	0,02173	0,01970	0,02327	0,02379	0,02547	0,02630	0,02402	0,02318	0,02199	0,02332	0,02092
0,02015	0,01994	0,02074	0,02289	0,02672	0,02962	0,02880	0,03304	0,03215	0,03012	0,02685	0,02750	0,03736	0,05672	0,07937	0,09868	0,11304	0,13174	0,14225	0,16116	0,16840	0,17456	0,16312	0,15286	0,12430	0,09008	0,06274	0,04723	0,03877	0,03657	0,03269	0,03154	0,02825	0,02460	0,02482	0,02114	0,02147	0,02302	0,02551	0,02179	0,02275	0,02274	0,02110	0,02256	0,02641	0,02388	0,02422	0,02318	0,02327	0,02170	0,02448
0,02220	0,02384	0,02189	0,02805	0,02628	0,02826	0,02755	0,02917	0,03323	0,02983	0,02442	0,02958	0,03590	0,05596	0,08232	0,11521	0,13083	0,15085	0,18041	0,19913	0,20820	0,21745	0,21425	0,19338	0,15245	0,11844	0,08276	0,06222	0,04970	0,03973	0,03637	0,03449	0,03126	0,02912	0,02243	0,02084	0,02136	0,02168	0,02350	0,02293	0,02427	0,02343	0,02306	0,02317	0,02123	0,02168	0,02524	0,02495	0,02209	0,02324	0,02138
0,02223	0,02079	0,02251	0,02761	0,02761	0,02911	0,02863	0,02795	0,02675	0,02361	0,02427	0,02665	0,03708	0,06143	0,08447	0,11806	0,13792	0,16762	0,19767	0,22770	0,24606	0,25019	0,25168	0,22713	0,18502	0,13764	0,09794	0,07110	0,05081	0,04638	0,04126	0,03703	0,03403	0,03137	0,02435	0,02229	0,02195	0,02110	0,02238	0,02546	0,02235	0,02509	0,02029	0,02197	0,02086	0,02165	0,02233	0,02269	0,02455	0,02265	0,02256
0,02289	0,02108	0,02324	0,02576	0,02623	0,02650	0,02677	0,02667	0,02280	0,02329	0,02463	0,03448	0,05023	0,07907	0,09795	0,12468	0,14281	0,16584	0,20165	0,23724	0,25497	0,26875	0,26706	0,24486	0,20438	0,15653	0,10841	0,07918	0,06206	0,04987	0,04179	0,03973	0,03775	0,03229	0,02987	0,02123	0,02218	0,02145	0,02128	0,02247	0,02246	0,02203	0,02126	0,02373	0,02024	0,01927	0,02076	0,02237	0,02336	0,02577	0,02300
0,02182	0,02487	0,02535	0,02392	0,02871	0,02346	0,02423	0,02144	0,02322	0,02157	0,02793	0,05930	0,07670	0,10256	0,11772	0,13233	0,14351	0,16645	0,19570	0,22202	0,25278	0,26707	0,26671	0,24264	0,21013	0,15296	0,11541	0,08673	0,06653	0,05484	0,04920	0,04125	0,03896	0,03467	0,03003	0,02509	0,02110	0,01993	0,02335	0,02265	0,02528	0,02523	0,02539	0,02209	0,02274	0,01994	0,02083	0,02077	0,02418	0,02642	0,02257
0,02152	0,02306	0,02268	0,02357	0,02415	0,02146	0,02483	0,02376	0,02499	0,02897	0,03855	0,07406	0,10266	0,12613	0,13494	0,14003	0,14243	0,15460	0,18332	0,20668	0,23348	0,24753	0,25113	0,23328	0,19743	0,14880	0,11244	0,08775	0,07132	0,05997	0,04837	0,04401	0,04038	0,03636	0,03122	0,02575	0,02071	0,02134	0,02373	0,02521	0,02447	0,02310	0,02340	0,02228	0,02237	0,02288	0,02127	0,02279	0,02292	0,02161	0,02166
0,02322	0,02377	0,02484	0,02215	0,02279	0,02095	0,02119	0,02240	0,02662	0,03613	0,04896	0,08390	0,11496	0,13576	0,13778	0,13806	0,14091	0,14493	0,16614	0,18676	0,20560	0,22429	0,22950	0,21630	0,18180	0,14462	0,11276	0,08793	0,07396	0,05892	0,05266	0,04660	0,04245	0,03894	0,03220	0,02536	0,02150	0,02021	0,02209	0,02267	0,02341	0,02283	0,02463	0,02328	0,02324	0,02497	0,02279	0,01995	0,02126	0,02242	0,02347
0,02504	0,02388	0,02162	0,02175	0,02420	0,02250	0,02075	0,02440	0,03311	0,04150	0,06292	0,09594	0,11879	0,13385	0,13821	0,13618	0,13641	0,13763	0,15134	0,16817	0,19093	0,19883	0,20785	0,18527	0,16303	0,12865	0,10364	0,08275	0,07090	0,06344	0,05191	0,04683	0,04341	0,03849	0,03164	0,02524	0,02387	0,02185	0,02205	0,02359	0,02368	0,02595	0,02209	0,02257	0,02713	0,02688	0,02357	0,02091	0,02099	0,02332	0,02291
0,02419	0,02097	0,02175	0,02054	0,02424	0,02209	0,02471	0,02793	0,03359	0,04823	0,06817	0,09959	0,12024	0,13880	0,14024	0,13984	0,13690	0,13777	0,14669	0,15649	0,16966	0,18113	0,19023	0,16687	0,14546	0,11827	0,09839	0,07794	0,06820	0,06095	0,05352	0,05089	0,04516	0,03837	0,03246	0,02886	0,02218	0,02395	0,02151	0,02417	0,02457	0,02346	0,02246	0,02329	0,02730	0,02712	0,02277	0,02309	0,02095	0,02224	0,02178
0,02138	0,02129	0,02156	0,02265	0,02215	0,02497	0,02356	0,03064	0,03645	0,05081	0,07141	0,10421	0,12782	0,14109	0,14290	0,14010	0,13802	0,13612	0,13961	0,14480	0,15321	0,15879	0,15689	0,14377	0,13224	0,10193	0,09017	0,07465	0,06861	0,05860	0,05582	0,04791	0,04761	0,03851	0,03295	0,02542	0,02180	0,02072	0,02564	0,02552	0,02421	0,02260	0,02212	0,02452	0,03148	0,02719	0,02463	0,02071	0,02301	0,02044	0,02245
0,02195	0,02497	0,02344	0,02111	0,02376	0,02187	0,02491	0,02790	0,03668	0,05058	0,06930	0,09953	0,12136	0,13177	0,13863	0,13364	0,13291	0,12567	0,13196	0,13216	0,13488	0,13781	0,13518	0,12286	0,10608	0,08955	0,07977	0,07127	0,06526	0,06074	0,05725	0,04930	0,04774	0,03747	0,03248	0,02577	0,02252	0,02113	0,02188	0,02640	0,02648	0,02300	0,02138	0,02625	0,03317	0,02863	0,02393	0,02049	0,01993	0,02079	0,02305
0,02113	0,02417	0,02125	0,02058	0,02128	0,02400	0,02533	0,02945	0,03878	0,04495	0,06521	0,08414	0,10671	0,11605	0,12401	0,11981	0,11867	0,11435	0,11540	0,11385	0,11701	0,11335	0,11726	0,10251	0,09296	0,08371	0,07943	0,07237	0,07045	0,06137	0,05439	0,04785	0,04282	0,03759	0,03091	0,02623	0,02314	0,02303	0,02292	0,02591	0,02489	0,02425	0,02240	0,02243	0,03083	0,03057	0,02432	0,02487	0,02084	0,02032	0,02294
0,02094	0,02179	0,02058	0,02330	0,02136	0,02523	0,02679	0,02846	0,03466	0,04434	0,05292	0,07344	0,08581	0,09511	0,09978	0,09833	0,10117	0,09700	0,09949	0,09760	0,09904	0,09398	0,09474	0,08997	0,08501	0,07852	0,07651	0,07334	0,06898	0,06239	0,05410	0,04886	0,03964	0,03270	0,03027	0,02617	0,02207	0,02094	0,02249	0,02488	0,02676	0,02311	0,02186	0,02134	0,03171	0,03012	0,02497	0,02092	0,02112	0,02092	0,02358
0,02095	0,02082	0,02057	0,02361	0,02136	0,02187	0,02678	0,02615	0,03080	0,03689	0,04444	0,05628	0,06792	0,07740	0,08433	0,08679	0,08933	0,08523	0,08402	0,08418	0,08517	0,08308	0,08877	0,08012	0,08102	0,08095	0,08156	0,08149	0,07316	0,06190	0,05044	0,04032	0,03771	0,03084	0,02853	0,02664	0,02155	0,02310	0,02296	0,02558	0,02330	0,02660	0,02233	0,02229	0,03270	0,03033	0,02467	0,02178	0,02239	0,02165	0,02131
0,02426	0,02091	0,02016	0,02165	0,02145	0,02430	0,02242	0,02743	0,03170	0,03205	0,04183	0,04672	0,05635	0,06291	0,06936	0,07530	0,07245	0,07205	0,07336	0,06931	0,07507	0,07218	0,07503	0,08057	0,08503	0,08857	0,08794	0,08127	0,07417	0,05813	0,04564	0,03678	0,03234	0,03187	0,02733	0,02348	0,02228	0,02308	0,02204	0,02286	0,02381	0,02518	0,02158	0,02142	0,03134	0,02811	0,02640	0,02219	0,02311	0,02337	0,02173
0,01993	0,02088	0,02014	0,02366	0,02137	0,02359	0,02259	0,02268	0,02590	0,03087	0,03389	0,03876	0,04797	0,05710	0,05945	0,06205	0,06605	0,06263	0,06368	0,06037	0,06278	0,06530	0,07267	0,08363	0,09408	0,09522	0,09349	0,07879	0,06599	0,04879	0,04098	0,03073	0,02892	0,02617	0,02519	0,02174	0,02041	0,02133	0,02512	0,02355	0,02435	0,02289	0,02217	0,02284	0,03235	0,02832	0,02473	0,02121	0,02145	0,02264	0,02232
0,02210	0,02079	0,02052	0,02385	0,02071	0,02183	0,02104	0,02196	0,02370	0,02681	0,03113	0,03857	0,04264	0,04657	0,05503	0,05592	0,05551	0,05369	0,05550	0,05571	0,05948	0,06801	0,07758	0,09138	0,09960	0,09979	0,09072	0,07358	0,05941	0,04043	0,03298	0,02992	0,03005	0,02556	0,02440	0,02126	0,01929	0,02429	0,02266	0,02648	0,02306	0,02206	0,02234	0,02190	0,03122	0,02999	0,02373	0,02167	0,02186	0,02194	0,02439
0,01965	0,02236	0,02305	0,02119	0,02071	0,02043	0,02420	0,02148	0,02465	0,02685	0,02992	0,03614	0,03945	0,04154	0,04812	0,04604	0,04551	0,04839	0,05009	0,05791	0,06198	0,07227	0,08678	0,09952	0,10346	0,09583	0,08118	0,06577	0,04908	0,03204	0,02883	0,02468	0,02757	0,02537	0,02217	0,02069	0,01976	0,02100	0,02134	0,02294	0,02261	0,02140	0,02203	0,02291	0,02967	0,02647	0,02682	0,02511	0,02154	0,02214	0,02278
0,02355	0,02047	0,02101	0,02358	0,02295	0,02049	0,02046	0,02215	0,02289	0,02535	0,03168	0,03296	0,03687	0,04071	0,04110	0,04280	0,04366	0,04586	0,05274	0,06234	0,06964	0,08059	0,09305	0,10072	0,09857	0,08293	0,07259	0,04893	0,03769	0,02610	0,02404	0,02503	0,02471	0,02506	0,02610	0,02093	0,02078	0,02085	0,02191	0,02130	0,02298	0,02375	0,02125	0,02212	0,02649	0,02518	0,02374	0,02146	0,02150	0,02325	0,02503
0,02302	0,02022	0,02061	0,02069	0,02079	0,02100	0,02118	0,02098	0,02306	0,02604	0,02858	0,03357	0,03509	0,03905	0,03843	0,04165	0,04380	0,04922	0,05651	0,06740	0,07398	0,08317	0,09371	0,09134	0,08247	0,06457	0,05405	0,03378	0,02617	0,02405	0,02395	0,02838	0,02761	0,02854	0,02358	0,02132	0,02098	0,02118	0,02346	0,02134	0,02509	0,02178	0,02530	0,02291	0,02576	0,02349	0,02309	0,02128	0,02213	0,02354	0,02412
0,01961	0,01926	0,02035	0,01975	0,02053	0,02071	0,02311	0,02117	0,02362	0,02539	0,02831	0,03047	0,03730	0,03619	0,03934	0,04330	0,04596	0,05286	0,05932	0,07014	0,07352	0,08189	0,08499	0,07746	0,06139	0,04442	0,03634	0,02431	0,02262	0,02728	0,02752	0,02779	0,02962	0,02734	0,02485	0,02279	0,02136	0,02408	0,02133	0,02126	0,02225	0,02240	0,02116	0,02133	0,02451	0,02269	0,02194	0,01991	0,02105	0,02432	0,02456
0,01995	0,02282	0,02198	0,02248	0,02270	0,01982	0,02118	0,02144	0,02283	0,02547	0,02819	0,03283	0,03760	0,03978	0,03885	0,04438	0,04690	0,05139	0,05774	0,06301	0,06699	0,06700	0,07153	0,04933	0,04868	0,03135	0,02679	0,02472	0,02359	0,02714	0,02791	0,02955	0,02914	0,03051	0,02515	0,02623	0,02309	0,02151	0,02162	0,02357	0,02050	0,02429	0,02283	0,02437	0,02540	0,02283	0,02132	0,02395	0,02204	0,02609	0,02159
0,02295	0,01959	0,02147	0,02177	0,02099	0,02275	0,02327	0,02259	0,02367	0,02435	0,02669	0,02984	0,03319	0,03676	0,04235	0,04668	0,04517	0,04954	0,05453	0,05384	0,05653	0,05487	0,05453	0,03908	0,02952	0,02440	0,02083	0,02576	0,02624	0,02972	0,03136	0,03470	0,03085	0,03127	0,02781	0,02397	0,02327	0,02491	0,02370	0,02378	0,02329	0,02232	0,02230	0,02304	0,02411	0,02167	0,02149	0,02216	0,02029	0,02502	0,02510
0,02208	0,02149	0,02013	0,02069	0,02028	0,02029	0,02132	0,02201	0,02584	0,02354	0,03010	0,02883	0,03436	0,03887	0,03953	0,04294	0,04431	0,04474	0,04733	0,04504	0,04726	0,04059	0,03919	0,02644	0,02444	0,02041	0,02100	0,02567	0,02817	0,03301	0,03370	0,03725	0,03209	0,03041	0,02909	0,02514	0,02365	0,02145	0,02112	0,02098	0,02249	0,02175	0,02255	0,02471	0,02265	0,02371	0,02142	0,02027	0,02047	0,02429	0,02123
0,02007	0,01985	0,02007	0,02096	0,02271	0,02147	0,02422	0,02207	0,02516	0,02362	0,02666	0,03072	0,03633	0,03662	0,03855	0,04298	0,04004	0,04163	0,04015	0,03683	0,03810	0,03130	0,02598	0,02294	0,02229	0,02501	0,02727	0,02906	0,03545	0,03625	0,03532	0,03595	0,03588	0,03553	0,03216	0,02639	0,02514	0,02240	0,02173	0,02231	0,02186	0,02547	0,02509	0,02325	0,02645	0,02417	0,02082	0,02077	0,02101	0,02416	0,02103
0,02015	0,01915	0,01937	0,02193	0,02054	0,02243	0,02007	0,02283	0,02286	0,02333	0,02596	0,02830	0,03346	0,03684	0,03924	0,03738	0,04103	0,03862	0,03561	0,03147	0,03242	0,02515	0,02420	0,02017	0,02098	0,02369	0,02709	0,03154	0,03445	0,03896	0,03885	0,03668	0,03587	0,03632	0,02944	0,02666	0,02723	0,02616	0,02360	0,02305	0,02518	0,02385	0,02286	0,02201	0,02416	0,02333	0,02205	0,02127	0,02099	0,02476	0,02059
0,01993	0,02281	0,02038	0,01994	0,01949	0,02187	0,02334	0,02306	0,02211	0,02178	0,02472	0,02665	0,03055	0,03251	0,03640	0,03556	0,03518	0,03294	0,03189	0,02832	0,02699	0,02335	0,02138	0,02154	0,02276	0,02683	0,03286	0,03656	0,03971	0,03804	0,03890	0,03652	0,03727	0,03515	0,02914	0,02703	0,02502	0,02366	0,02297	0,02384	0,02720	0,02353	0,02626	0,02237	0,02830	0,02380	0,02315	0,02136	0,02173	0,02073	0,02152
0,01958	0,01997	0,01968	0,01948	0,01996	0,01963	0,02059	0,02021	0,02395	0,02165	0,02441	0,02335	0,03187	0,02857	0,03116	0,03188	0,02992	0,02866	0,02564	0,02468	0,02287	0,02223	0,02094	0,02301	0,02501	0,02940	0,03249	0,03841	0,03812	0,03826	0,03961	0,03759	0,03620	0,03147	0,02905	0,02788	0,02559	0,02795	0,02334	0,02516	0,02394	0,02401	0,02292	0,02340	0,02881	0,02808	0,02434	0,02538	0,02469	0,02366	0,02302
0,01958	0,02028	0,01991	0,01950	0,01945	0,02079	0,02054	0,02056	0,02017	0,02085	0,02203	0,02245	0,02543	0,02886	0,02891	0,02657	0,02544	0,02760	0,02639	0,02548	0,02259	0,02437	0,02315	0,02651	0,03048	0,03079	0,03385	0,03909	0,03686	0,03637	0,03786	0,03319	0,03554	0,03270	0,02767	0,02589	0,02571	0,02483	0,02472	0,02493	0,02839	0,02464	0,02400	0,02239	0,02906	0,02845	0,02513	0,02322	0,02358	0,02228	0,02113
0,02078	0,02014	0,02132	0,01961	0,02053	0,01957	0,01938	0,02379	0,02056	0,02143	0,02157	0,02176	0,02247	0,02612	0,02326	0,02284	0,02201	0,02243	0,02323	0,02094	0,02331	0,02181	0,02341	0,02546	0,02736	0,03258	0,03258	0,03525	0,03387	0,03406	0,03582	0,03342	0,03249	0,02804	0,02678	0,02685	0,02621	0,02512	0,02538	0,02781	0,02828	0,02363	0,02351	0,02177	0,03223	0,02741	0,02746	0,02511	0,02468	0,02226	0,02183
0,01991	0,02197	0,01991	0,01931	0,02023	0,02228	0,02189	0,01905	0,02067	0,02057	0,02308	0,02075	0,02280	0,02091	0,02161	0,02431	0,02091	0,02422	0,02197	0,02159	0,02507	0,02568	0,02498	0,02541	0,02965	0,02828	0,03076	0,03020	0,02951	0,02978	0,02980	0,03005	0,02735	0,02755	0,02576	0,02638	0,02592	0,02548	0,02601	0,02475	0,02676	0,02400	0,02541	0,02267	0,02942	0,03000	0,02510	0,02506	0,02540	0,02628	0,02170
0,02011	0,01984	0,02161	0,02325	0,01964	0,02062	0,02226	0,02341	0,02326	0,02221	0,02051	0,02040	0,02111	0,02224	0,02310	0,01989	0,02189	0,01965	0,02034	0,02322	0,02116	0,02193	0,02510	0,02427	0,02964	0,02552	0,02701	0,02769	0,02891	0,02508	0,02797	0,02578	0,02582	0,02454	0,02720	0,02489	0,02554	0,02792	0,02481	0,02800	0,02393	0,02561	0,02568	0,02464	0,03225	0,02931	0,02629	0,02618	0,02342	0,02598	0,02413
0,02032	0,02052	0,02099	0,02106	0,01910	0,01975	0,02014	0,02312	0,02184	0,01935	0,02038	0,02097	0,02001	0,01979	0,02037	0,02225	0,02010	0,02027	0,02265	0,02148	0,02050	0,02096	0,02154	0,02613	0,02353	0,02353	0,02356	0,02306	0,02326	0,02307	0,02303	0,02452	0,02486	0,02412	0,02445	0,02465	0,02400	0,02850	0,02775	0,02728	0,02358	0,02389	0,02508	0,02138	0,02910	0,02725	0,02973	0,02461	0,02819	0,02495	0,02829
