20,00000	20,20000	20,40000	20,60000	20,80000	21,00000	21,20000	21,40000	21,60000	21,80000	22,00000	22,20000	22,40000	22,60000	22,80000	23,00000	23,20000	23,40000	23,60000	23,80000	24,00000	24,20000	24,40000	24,60000	24,80000	25,00000	25,20000	25,40000	25,60000	25,80000	26,00000	26,20000	26,40000	26,60000	26,80000	27,00000	27,20000	27,40000	27,60000	27,80000	28,00000	28,20000	28,40000	28,60000	28,80000	29,00000	29,20000	29,40000	29,60000	29,80000	30,00000
20,00000	20,20000	20,40000	20,60000	20,80000	21,00000	21,20000	21,40000	21,60000	21,80000	22,00000	22,20000	22,40000	22,60000	22,80000	23,00000	23,20000	23,40000	23,60000	23,80000	24,00000	24,20000	24,40000	24,60000	24,80000	25,00000	25,20000	25,40000	25,60000	25,80000	26,00000	26,20000	26,40000	26,60000	26,80000	27,00000	27,20000	27,40000	27,60000	27,80000	28,00000	28,20000	28,40000	28,60000	28,80000	29,00000	29,20000	29,40000	29,60000	29,80000	30,00000
0,02091	0,01990	0,01993	0,02060	0,02142	0,02275	0,02001	0,02104	0,02404	0,02017	0,02025	0,02136	0,02048	0,02279	0,02222	0,02333	0,02029	0,02101	0,02137	0,02089	0,01951	0,02305	0,02072	0,02250	0,02296	0,02059	0,02050	0,02230	0,02252	0,02064	0,02317	0,02384	0,02392	0,02267	0,02036	0,02010	0,02011	0,02062	0,02164	0,01975	0,02267	0,01968	0,02161	0,02273	0,02105	0,02057	0,02084	0,02091	0,01931	0,02091	0,01948
0,02064	0,01936	0,01976	0,02023	0,02024	0,02095	0,01948	0,02020	0,02337	0,02024	0,02097	0,02278	0,02189	0,02066	0,02222	0,02279	0,02093	0,02277	0,02025	0,02018	0,02309	0,02019	0,02120	0,02266	0,02157	0,01981	0,02097	0,02095	0,02356	0,02018	0,02081	0,01985	0,02001	0,01956	0,02165	0,02287	0,02016	0,02098	0,02072	0,02096	0,01949	0,02047	0,01955	0,02198	0,02063	0,02082	0,02061	0,02091	0,02015	0,02091	0,02315
0,02064	0,02126	0,02283	0,02423	0,02107	0,02102	0,02188	0,02049	0,02124	0,02100	0,02167	0,02148	0,02006	0,02095	0,01932	0,02177	0,02088	0,02004	0,02215	0,02175	0,02257	0,02345	0,02103	0,01958	0,01984	0,02231	0,02252	0,02002	0,02078	0,02117	0,02177	0,02275	0,02128	0,02005	0,02022	0,02355	0,02098	0,01935	0,02198	0,02070	0,02070	0,02057	0,02071	0,02037	0,02078	0,02164	0,01984	0,02091	0,01991	0,02091	0,02294
0,02287	0,02050	0,02010	0,01960	0,02346	0,02255	0,02085	0,02060	0,02106	0,01983	0,02286	0,02159	0,02196	0,02153	0,02007	0,02203	0,02044	0,01974	0,02039	0,01966	0,02024	0,01964	0,02277	0,01986	0,02013	0,02080	0,02017	0,02098	0,02278	0,02035	0,01996	0,02221	0,02297	0,02046	0,02180	0,02183	0,01988	0,02211	0,02013	0,02125	0,02017	0,02134	0,02362	0,01966	0,02130	0,02206	0,02246	0,02091	0,02035	0,02091	0,02068
0,01965	0,01945	0,01986	0,02071	0,02301	0,02206	0,02106	0,02201	0,02023	0,02033	0,02364	0,02347	0,02005	0,01914	0,02061	0,02057	0,02167	0,02408	0,02154	0,02367	0,02006	0,02287	0,02196	0,02074	0,01988	0,02175	0,02147	0,02168	0,02017	0,01976	0,02054	0,02021	0,02268	0,02053	0,02154	0,02073	0,02025	0,02421	0,01980	0,02100	0,02100	0,01961	0,02225	0,02424	0,02012	0,02084	0,01983	0,02091	0,02001	0,02091	0,02017
0,02041	0,02141	0,02117	0,02014	0,02113	0,01977	0,02356	0,02016	0,02041	0,02107	0,02019	0,02321	0,02278	0,02203	0,02105	0,02022	0,01973	0,02267	0,02051	0,02095	0,02001	0,02232	0,02131	0,02107	0,02025	0,02057	0,02188	0,02001	0,01916	0,02282	0,01931	0,01989	0,01993	0,02035	0,02115	0,02052	0,02180	0,01962	0,01958	0,01998	0,02300	0,02116	0,02089	0,02027	0,02330	0,02038	0,02021	0,02091	0,02351	0,02091	0,02194
0,02197	0,02005	0,02343	0,01950	0,02420	0,02265	0,02147	0,02108	0,01946	0,02265	0,01926	0,02171	0,02421	0,02278	0,01936	0,02365	0,02127	0,02235	0,02104	0,02305	0,02024	0,02261	0,02065	0,02217	0,02053	0,02336	0,02025	0,02008	0,01947	0,02205	0,02030	0,02061	0,02338	0,01965	0,02025	0,02004	0,02032	0,02185	0,02037	0,02162	0,02055	0,02401	0,02081	0,02046	0,02171	0,02043	0,02194	0,02091	0,02109	0,02091	0,02006
0,02074	0,02014	0,01966	0,02257	0,02144	0,02193	0,02386	0,02018	0,02026	0,02016	0,02059	0,02053	0,02029	0,02032	0,02305	0,02054	0,02041	0,02042	0,02356	0,02116	0,02392	0,02052	0,02106	0,02039	0,02041	0,01999	0,02027	0,02128	0,02186	0,02425	0,02033	0,02033	0,02253	0,02036	0,02291	0,02165	0,02407	0,02365	0,02044	0,02357	0,02037	0,02349	0,02103	0,02192	0,02069	0,02122	0,02009	0,02091	0,02128	0,02091	0,02150
0,02067	0,02259	0,01961	0,02032	0,02062	0,02002	0,01995	0,02400	0,02080	0,02231	0,02327	0,02236	0,02083	0,02133	0,02153	0,02184	0,02099	0,02099	0,02099	0,02003	0,02072	0,02084	0,01951	0,02117	0,02359	0,01944	0,02150	0,02092	0,02175	0,02364	0,02109	0,02039	0,02068	0,02035	0,02083	0,02278	0,02224	0,02324	0,02070	0,02120	0,02019	0,02098	0,02197	0,02074	0,02008	0,02073	0,01994	0,02091	0,02166	0,02091	0,02061
0,01922	0,02018	0,02139	0,01970	0,02003	0,02065	0,02222	0,02033	0,01935	0,02063	0,02169	0,02107	0,02235	0,02066	0,02063	0,02059	0,02158	0,02161	0,02134	0,02399	0,01971	0,02254	0,02052	0,02267	0,02162	0,02007	0,02324	0,02319	0,02327	0,02065	0,01968	0,02374	0,02069	0,02044	0,02014	0,02218	0,02041	0,02336	0,02124	0,02082	0,01964	0,02088	0,02307	0,02293	0,02094	0,02258	0,02132	0,02091	0,02058	0,02091	0,02344
0,02203	0,02105	0,02006	0,02204	0,02364	0,02076	0,02044	0,02194	0,02012	0,01990	0,02039	0,02137	0,02051	0,02116	0,02031	0,02204	0,01984	0,01950	0,01993	0,02086	0,01944	0,02126	0,02160	0,02180	0,02412	0,02318	0,02061	0,02248	0,02214	0,01984	0,02013	0,02072	0,02301	0,02259	0,02383	0,02355	0,02200	0,02006	0,02318	0,02025	0,02044	0,02101	0,02081	0,02046	0,02109	0,02079	0,02081	0,02091	0,02278	0,02091	0,01959
0,02009	0,01888	0,02129	0,02183	0,02034	0,01999	0,02042	0,02208	0,02084	0,02043	0,02188	0,02002	0,02395	0,02003	0,02319	0,02186	0,02350	0,02214	0,02098	0,02050	0,02371	0,02199	0,02180	0,02181	0,02147	0,02056	0,02044	0,02073	0,02301	0,02037	0,02275	0,02031	0,02102	0,02425	0,02158	0,02121	0,02051	0,01991	0,02093	0,02329	0,02250	0,02362	0,02285	0,02329	0,01985	0,02091	0,01991	0,02091	0,02064	0,02091	0,02356
0,02039	0,02048	0,02278	0,02216	0,02198	0,02061	0,02000	0,02284	0,02301	0,02079	0,02297	0,02174	0,01989	0,02065	0,02042	0,01983	0,01952	0,02054	0,02370	0,02158	0,02035	0,02188	0,02098	0,02077	0,02168	0,02056	0,02278	0,02084	0,02228	0,02384	0,02141	0,02056	0,02117	0,02337	0,02315	0,02115	0,02132	0,02122	0,02241	0,02121	0,02406	0,02102	0,02126	0,02060	0,02008	0,02283	0,02031	0,02091	0,02263	0,02091	0,02254
0,01981	0,02041	0,01890	0,02080	0,02090	0,01991	0,02328	0,01969	0,02095	0,02214	0,02134	0,02114	0,02207	0,02208	0,02119	0,02178	0,02353	0,02035	0,02217	0,02248	0,02084	0,02082	0,02087	0,02108	0,02372	0,02356	0,02022	0,02047	0,02439	0,02057	0,02199	0,02091	0,02085	0,02225	0,02180	0,02230	0,02233	0,02314	0,02137	0,02477	0,02462	0,02163	0,02480	0,02126	0,02141	0,02070	0,02243	0,02091	0,02084	0,02091	0,02205
0,01957	0,01980	0,02023	0,02023	0,02111	0,02212	0,02053	0,02211	0,02329	0,01959	0,02028	0,02037	0,02100	0,02008	0,02092	0,01962	0,02045	0,01959	0,02048	0,02014	0,02094	0,02037	0,02011	0,02086	0,02271	0,02263	0,02157	0,02288	0,02088	0,02107	0,02126	0,02240	0,02422	0,02272	0,02558	0,02270	0,02333	0,02244	0,02470	0,02381	0,02443	0,02329	0,02074	0,02161	0,02196	0,02136	0,02231	0,02091	0,01987	0,02091	0,01985
0,02372	0,02154	0,02024	0,02104	0,02284	0,02046	0,02091	0,02248	0,02005	0,02276	0,02051	0,02139	0,02016	0,02010	0,02322	0,02059	0,02082	0,02374	0,02124	0,02047	0,02011	0,02027	0,02282	0,02118	0,02385	0,02149	0,02145	0,02040	0,02074	0,02202	0,02166	0,02208	0,02321	0,02539	0,02582	0,02375	0,02413	0,02521	0,02395	0,02376	0,02278	0,02226	0,02213	0,02170	0,02400	0,02087	0,02083	0,02091	0,02435	0,02091	0,02139
0,02104	0,02034	0,02253	0,01963	0,01950	0,02072	0,02288	0,02022	0,02142	0,02028	0,02067	0,02037	0,02094	0,02266	0,02092	0,02098	0,02269	0,02049	0,02412	0,02079	0,01978	0,02060	0,02377	0,01993	0,02369	0,02142	0,02413	0,02075	0,02152	0,02390	0,02117	0,02236	0,02321	0,02423	0,02582	0,02508	0,02653	0,02563	0,02597	0,02758	0,02678	0,02520	0,02529	0,02592	0,02078	0,02032	0,02068	0,02091	0,02080	0,02091	0,02113
0,02199	0,02061	0,01912	0,02148	0,02014	0,02003	0,01977	0,02029	0,02291	0,02257	0,02043	0,02082	0,02025	0,02133	0,02088	0,02279	0,02099	0,02351	0,02386	0,02034	0,01991	0,02263	0,02322	0,02190	0,02455	0,02048	0,02416	0,02191	0,02380	0,02066	0,02251	0,02353	0,02563	0,02309	0,02382	0,02309	0,02429	0,02584	0,02792	0,02718	0,02648	0,02898	0,02495	0,02389	0,02306	0,02436	0,02120	0,02091	0,02336	0,02091	0,02056
0,02048	0,02010	0,02099	0,02084	0,02071	0,02027	0,02416	0,02075	0,02011	0,02080	0,02047	0,02027	0,02189	0,02330	0,02278	0,02026	0,02195	0,02163	0,02294	0,02475	0,02246	0,02143	0,02358	0,02139	0,02470	0,02135	0,02237	0,02169	0,02340	0,02551	0,02122	0,02192	0,02360	0,02584	0,02707	0,02403	0,02680	0,02612	0,02766	0,02530	0,03052	0,02749	0,02688	0,02848	0,02408	0,02492	0,02186	0,02091	0,02309	0,02091	0,02185
0,01953	0,02114	0,02019	0,02082	0,02306	0,02023	0,01979	0,02010	0,02174	0,02133	0,02347	0,02153	0,02033	0,02152	0,02034	0,02030	0,02177	0,02233	0,02214	0,02220	0,02445	0,02246	0,02369	0,02528	0,02432	0,02615	0,02451	0,02453	0,02288	0,02316	0,02493	0,02361	0,02554	0,02595	0,03002	0,02661	0,02581	0,02549	0,02495	0,02514	0,02657	0,02608	0,02855	0,02757	0,02656	0,02563	0,02299	0,02091	0,02097	0,02091	0,02388
0,02419	0,02277	0,02254	0,02122	0,02071	0,02054	0,01996	0,02278	0,02091	0,02414	0,02084	0,02022	0,02049	0,02071	0,02346	0,02024	0,02223	0,02364	0,02530	0,02577	0,02545	0,02211	0,02190	0,02475	0,02589	0,02362	0,02389	0,02538	0,02519	0,02330	0,02454	0,02472	0,02483	0,02619	0,02742	0,02920	0,02899	0,03280	0,02607	0,02544	0,02676	0,02437	0,02657	0,02609	0,02643	0,02911	0,02759	0,01963	0,02236	0,02020	0,02112
0,02185	0,02025	0,02024	0,02000	0,02021	0,02126	0,02222	0,02097	0,02144	0,02171	0,02259	0,02337	0,02345	0,02364	0,02063	0,02105	0,02129	0,02235	0,02453	0,02541	0,02337	0,02535	0,02315	0,02499	0,02491	0,02439	0,02555	0,02712	0,02560	0,02333	0,02427	0,02327	0,02508	0,02580	0,02526	0,03088	0,03002	0,03459	0,03130	0,03142	0,02425	0,02440	0,02554	0,02645	0,02887	0,02596	0,02523	0,02041	0,02245	0,02166	0,02107
0,02097	0,02160	0,02166	0,02082	0,01963	0,02063	0,02114	0,01991	0,02319	0,02026	0,02010	0,02098	0,02426	0,02083	0,02075	0,02147	0,02242	0,02299	0,02472	0,02135	0,02511	0,02442	0,02713	0,02674	0,02927	0,02869	0,02419	0,02370	0,02157	0,02381	0,02150	0,02240	0,02618	0,02289	0,02399	0,02614	0,03049	0,03074	0,03174	0,03083	0,03255	0,02595	0,02448	0,02241	0,02380	0,02550	0,02651	0,02110	0,02453	0,02034	0,02130
0,02076	0,02155	0,01990	0,02089	0,02025	0,02376	0,01976	0,02191	0,02062	0,02024	0,02025	0,02061	0,02229	0,02128	0,02022	0,02190	0,02364	0,02303	0,02300	0,02214	0,02458	0,03049	0,02843	0,02658	0,02825	0,02321	0,02117	0,02093	0,02079	0,02522	0,02572	0,02828	0,02861	0,03062	0,02742	0,02594	0,02574	0,02899	0,03089	0,03192	0,03162	0,02832	0,02468	0,02304	0,02295	0,02326	0,02581	0,02148	0,02657	0,02192	0,02238
0,02164	0,02060	0,02281	0,02058	0,02240	0,02042	0,02082	0,02301	0,02174	0,02269	0,02035	0,02108	0,02027	0,02031	0,02111	0,02363	0,02343	0,02636	0,02609	0,02732	0,02931	0,03177	0,02899	0,02564	0,02090	0,02097	0,02314	0,02443	0,02639	0,03140	0,03430	0,04182	0,04231	0,05193	0,04847	0,04192	0,03117	0,03233	0,02893	0,03073	0,03273	0,03077	0,02740	0,02393	0,02188	0,02193	0,02311	0,02290	0,02509	0,02017	0,02413
0,02037	0,02266	0,02304	0,02047	0,02251	0,02024	0,02108	0,02012	0,02063	0,02318	0,02008	0,02081	0,02320	0,02395	0,02268	0,02474	0,02742	0,02872	0,02608	0,02945	0,03209	0,03043	0,02730	0,02337	0,02201	0,02542	0,02687	0,03629	0,04489	0,05135	0,05737	0,06367	0,07123	0,08825	0,07620	0,06927	0,05904	0,05007	0,03428	0,03300	0,03237	0,03200	0,02952	0,02622	0,02421	0,02156	0,02050	0,01972	0,02337	0,02282	0,02536
0,02065	0,02005	0,02136	0,02151	0,01986	0,02019	0,01978	0,02001	0,01989	0,01968	0,02257	0,02049	0,02345	0,02251	0,02421	0,02831	0,02955	0,02675	0,02781	0,03214	0,03328	0,02946	0,02611	0,02464	0,02738	0,03593	0,04040	0,05731	0,05577	0,09640	0,08416	0,09461	0,10588	0,11469	0,11559	0,10774	0,08278	0,06983	0,04261	0,04258	0,03540	0,03591	0,03362	0,02858	0,02586	0,02108	0,02321	0,02182	0,02506	0,02077	0,02269
0,01978	0,02036	0,01960	0,02025	0,02003	0,02026	0,02011	0,02056	0,02340	0,02096	0,02175	0,02075	0,02230	0,02465	0,02779	0,02825	0,03053	0,02788	0,03075	0,03439	0,03289	0,03000	0,02635	0,02592	0,02991	0,03822	0,04857	0,06673	0,08661	0,11236	0,10677	0,13547	0,13702	0,16059	0,15018	0,15095	0,12942	0,10289	0,07489	0,05537	0,04124	0,03753	0,03476	0,03084	0,02656	0,02374	0,02054	0,02043	0,02220	0,02213	0,02655
0,01995	0,02060	0,01999	0,02019	0,02038	0,02075	0,02073	0,02084	0,02063	0,02109	0,02399	0,02429	0,02172	0,02357	0,02714	0,02810	0,02816	0,03022	0,03135	0,03093	0,02972	0,02712	0,02475	0,02425	0,02848	0,03795	0,04893	0,07359	0,09800	0,12622	0,13760	0,16489	0,18496	0,20263	0,20337	0,20347	0,17167	0,14656	0,09189	0,07334	0,05422	0,04313	0,03658	0,03577	0,03004	0,02658	0,02221	0,02108	0,02140	0,02048	0,02281
0,02060	0,02005	0,02085	0,02079	0,02025	0,01997	0,01988	0,02251	0,02057	0,02108	0,02165	0,02089	0,02162	0,02467	0,02569	0,02942	0,02744	0,02702	0,02695	0,02994	0,02638	0,02295	0,02159	0,02408	0,03158	0,03518	0,05047	0,07250	0,10352	0,13649	0,15714	0,19134	0,20851	0,23887	0,23991	0,23047	0,20501	0,16568	0,11739	0,08816	0,06387	0,04816	0,04324	0,03485	0,03230	0,03083	0,02686	0,01994	0,02147	0,02040	0,02340
0,02124	0,02066	0,02145	0,02062	0,02032	0,02007	0,02045	0,02280	0,02289	0,02139	0,02089	0,02144	0,02251	0,02327	0,02477	0,02605	0,02664	0,02720	0,02775	0,02402	0,02311	0,02136	0,02380	0,03028	0,03969	0,04964	0,05971	0,08690	0,10839	0,14054	0,16675	0,20117	0,23367	0,25984	0,26568	0,25444	0,22936	0,18069	0,13510	0,09976	0,07323	0,05787	0,04556	0,03890	0,03457	0,03289	0,02908	0,02091	0,02352	0,02109	0,02262
0,02083	0,02153	0,02227	0,02127	0,02112	0,02131	0,02115	0,02108	0,02051	0,02195	0,02120	0,02413	0,02541	0,02363	0,02493	0,02511	0,02678	0,02309	0,02526	0,02431	0,02134	0,02717	0,03046	0,04717	0,06172	0,07952	0,09110	0,11654	0,12529	0,14155	0,16561	0,19861	0,23126	0,26003	0,26858	0,26008	0,23500	0,18821	0,14447	0,11098	0,07682	0,06363	0,04717	0,04227	0,03902	0,03329	0,02729	0,02040	0,02240	0,02040	0,02588
0,02080	0,02034	0,02141	0,02051	0,02334	0,01982	0,02245	0,02086	0,02093	0,02141	0,02463	0,02376	0,02240	0,02472	0,02401	0,02409	0,02239	0,02412	0,02072	0,02194	0,02692	0,03187	0,04245	0,06703	0,08528	0,10538	0,11518	0,13362	0,13401	0,14287	0,16040	0,18350	0,21590	0,24117	0,25346	0,24991	0,23260	0,18520	0,14391	0,10509	0,08172	0,06309	0,05131	0,04694	0,04122	0,03496	0,02978	0,02033	0,02327	0,01961	0,02605
0,02057	0,02174	0,02162	0,02385	0,02029	0,02067	0,02254	0,02169	0,02117	0,02069	0,02192	0,02436	0,02316	0,02325	0,02311	0,02394	0,02184	0,02249	0,02309	0,02760	0,03092	0,04013	0,05204	0,08008	0,09749	0,11622	0,12520	0,13669	0,13909	0,13812	0,14931	0,16709	0,19553	0,21888	0,23449	0,23067	0,21454	0,16711	0,13797	0,10358	0,08293	0,06858	0,05540	0,04540	0,04031	0,03590	0,02988	0,02129	0,02068	0,02005	0,02216
0,02354	0,02201	0,02284	0,01997	0,02340	0,01990	0,02204	0,02037	0,02141	0,02072	0,02459	0,02335	0,02344	0,02273	0,02267	0,02514	0,02223	0,02144	0,02633	0,02777	0,03564	0,04627	0,06416	0,08261	0,10191	0,11872	0,12905	0,13659	0,13743	0,13813	0,14102	0,14997	0,17330	0,19362	0,20829	0,20217	0,19910	0,15855	0,12573	0,09715	0,08084	0,06619	0,05829	0,04707	0,04149	0,03983	0,03233	0,01969	0,02144	0,02071	0,02283
0,02081	0,02112	0,01994	0,02256	0,02017	0,02092	0,01975	0,02102	0,02073	0,02312	0,02108	0,02273	0,02197	0,02423	0,02245	0,02483	0,02132	0,02202	0,02551	0,02898	0,04039	0,05238	0,07208	0,09182	0,10746	0,12039	0,12947	0,13680	0,13702	0,13461	0,13494	0,14248	0,15727	0,17568	0,18783	0,17603	0,16917	0,13555	0,11629	0,09085	0,07859	0,06368	0,05780	0,04802	0,04200	0,03659	0,03195	0,02000	0,02199	0,02207	0,02233
0,01995	0,02298	0,02116	0,02184	0,02245	0,02032	0,02050	0,02130	0,02301	0,02163	0,02476	0,02315	0,02387	0,02431	0,02104	0,02197	0,02488	0,02673	0,02581	0,03080	0,04454	0,05621	0,07469	0,09239	0,10919	0,12232	0,13107	0,14113	0,14004	0,13722	0,13315	0,13935	0,14673	0,15811	0,16628	0,16188	0,14958	0,11357	0,10102	0,08379	0,07234	0,06305	0,05797	0,04849	0,04341	0,03792	0,03159	0,02085	0,02264	0,02069	0,02556
0,02350	0,01973	0,02221	0,02157	0,02059	0,01992	0,02317	0,02360	0,02083	0,02148	0,02200	0,02131	0,02379	0,02101	0,02263	0,02240	0,02542	0,02690	0,02749	0,03322	0,04142	0,05350	0,07528	0,09064	0,10884	0,11613	0,13266	0,13511	0,13569	0,13314	0,13216	0,12641	0,13680	0,14233	0,15026	0,13600	0,12508	0,10573	0,09527	0,07800	0,06987	0,06250	0,05558	0,05045	0,04316	0,03680	0,03051	0,02129	0,02484	0,02246	0,02287
0,02113	0,02207	0,02279	0,02184	0,02199	0,02343	0,02067	0,02324	0,02450	0,02109	0,02211	0,02059	0,02197	0,02307	0,02175	0,02158	0,02286	0,02582	0,02820	0,03429	0,04193	0,05024	0,06545	0,08369	0,09707	0,10840	0,11544	0,12051	0,12406	0,11999	0,11859	0,11617	0,12231	0,12261	0,12484	0,11873	0,10700	0,09025	0,08373	0,07288	0,06901	0,06366	0,05740	0,04930	0,04429	0,03513	0,03141	0,02174	0,02254	0,02080	0,02360
0,02052	0,02020	0,02074	0,02053	0,02096	0,02227	0,02113	0,02116	0,02081	0,02297	0,02436	0,02307	0,02140	0,02277	0,02118	0,02163	0,02351	0,02593	0,02937	0,03312	0,04038	0,04400	0,05519	0,06764	0,07759	0,08738	0,09685	0,10230	0,10293	0,10288	0,10980	0,10015	0,10791	0,10709	0,10976	0,09319	0,09183	0,08526	0,07921	0,07392	0,07292	0,06881	0,05797	0,04822	0,03895	0,03638	0,02955	0,02278	0,02195	0,02284	0,02343
0,02125	0,02065	0,01955	0,02035	0,02083	0,02090	0,02043	0,02043	0,02096	0,02449	0,02490	0,02155	0,02277	0,02184	0,02133	0,02415	0,02245	0,02373	0,02721	0,02990	0,03477	0,04246	0,04728	0,05553	0,06496	0,07073	0,07755	0,08257	0,08729	0,08966	0,08844	0,08915	0,09083	0,08855	0,08808	0,08417	0,08268	0,07939	0,08097	0,07831	0,07299	0,06790	0,05567	0,04428	0,03578	0,03018	0,02892	0,02262	0,02187	0,02010	0,02341
0,02037	0,02136	0,02106	0,02058	0,01974	0,02050	0,02086	0,02221	0,02029	0,02085	0,02196	0,02371	0,02110	0,02191	0,02346	0,02424	0,02290	0,02333	0,02462	0,02931	0,03096	0,03492	0,04250	0,04549	0,05205	0,05722	0,06457	0,06808	0,07643	0,07640	0,07804	0,07627	0,07725	0,07055	0,07978	0,07584	0,07783	0,08481	0,08262	0,08632	0,07728	0,06698	0,05258	0,04111	0,03355	0,03167	0,03018	0,02373	0,02185	0,02506	0,02640
0,02029	0,02103	0,02159	0,02127	0,01943	0,01965	0,02017	0,02146	0,02094	0,02288	0,02147	0,02337	0,02256	0,02303	0,02057	0,02146	0,02146	0,02220	0,02398	0,02461	0,03052	0,03122	0,03523	0,03941	0,04378	0,05122	0,05449	0,06288	0,06938	0,06395	0,06971	0,06721	0,06590	0,06597	0,06954	0,07398	0,07950	0,09082	0,09246	0,09008	0,08214	0,06219	0,04477	0,03567	0,03002	0,02785	0,02595	0,02440	0,02292	0,02556	0,02335
0,02336	0,02123	0,02054	0,02346	0,02149	0,01979	0,02225	0,02383	0,02211	0,02271	0,01979	0,02025	0,02233	0,02083	0,02174	0,02143	0,02408	0,02419	0,02349	0,02606	0,02545	0,02786	0,03345	0,03895	0,04047	0,04386	0,04778	0,05202	0,05548	0,05561	0,06096	0,05571	0,05775	0,06378	0,07139	0,08474	0,09067	0,09794	0,09838	0,08769	0,07695	0,05820	0,04059	0,03180	0,02676	0,02573	0,02430	0,02533	0,02067	0,02306	0,02453
0,02077	0,02133	0,02018	0,01978	0,02117	0,02018	0,02101	0,02113	0,02095	0,02075	0,02091	0,02047	0,02343	0,02073	0,02232	0,02398	0,02131	0,02482	0,02080	0,02500	0,02487	0,02957	0,03045	0,03630	0,03745	0,04283	0,04207	0,04827	0,04710	0,05065	0,05201	0,05094	0,05846	0,06740	0,07253	0,08863	0,09837	0,10378	0,09698	0,08091	0,06355	0,04074	0,03150	0,02660	0,02780	0,02483	0,02301	0,02430	0,02206	0,02643	0,02333
0,02075	0,02056	0,02173	0,02026	0,02019	0,02081	0,02045	0,02062	0,02022	0,02021	0,02115	0,02068	0,01967	0,02169	0,02083	0,02058	0,02455	0,02156	0,02230	0,02342	0,02497	0,02674	0,03245	0,03304	0,03756	0,03747	0,04112	0,03958	0,04401	0,04394	0,04929	0,05400	0,05893	0,07728	0,08085	0,09474	0,10494	0,09653	0,08565	0,06778	0,05308	0,03382	0,02607	0,02350	0,02626	0,02463	0,02413	0,02174	0,02139	0,02254	0,02248
0,02075	0,02080	0,02026	0,02098	0,02314	0,02021	0,01992	0,02259	0,02013	0,02036	0,02079	0,02116	0,02099	0,02023	0,02147	0,02174	0,02185	0,02346	0,02394	0,02435	0,02749	0,02720	0,02967	0,03188	0,03422	0,03508	0,03975	0,03991	0,04077	0,04508	0,04626	0,05564	0,06889	0,07820	0,08716	0,09826	0,09865	0,08556	0,07409	0,05121	0,03720	0,02662	0,02365	0,02454	0,02719	0,02882	0,02337	0,02173	0,02297	0,02530	0,02181
0,02163	0,02014	0,02419	0,02024	0,02230	0,02054	0,02018	0,02123	0,02077	0,02426	0,02029	0,02020	0,02166	0,02372	0,02195	0,02206	0,02123	0,02197	0,02208	0,02261	0,02397	0,02623	0,03004	0,03172	0,03516	0,03380	0,03843	0,03789	0,04159	0,04553	0,04998	0,06098	0,06847	0,07856	0,08670	0,08512	0,08152	0,06674	0,05165	0,03411	0,02927	0,02383	0,02604	0,03033	0,02943	0,02928	0,02502	0,02041	0,02292	0,02476	0,02390
0,01948	0,02097	0,02099	0,02307	0,02204	0,02001	0,02195	0,02072	0,02246	0,02109	0,02067	0,02210	0,02195	0,02043	0,02096	0,02014	0,02163	0,02549	0,02198	0,02253	0,02400	0,02953	0,02806	0,03312	0,03224	0,03415	0,03898	0,03866	0,04481	0,04866	0,05421	0,06184	0,06935	0,07454	0,07299	0,06820	0,06204	0,04837	0,03680	0,02500	0,02538	0,02509	0,02899	0,03121	0,02779	0,02768	0,02443	0,02090	0,02117	0,02235	0,02152
0,02288	0,02256	0,02068	0,02006	0,02092	0,02017	0,02042	0,02326	0,02146	0,02182	0,02210	0,02250	0,02115	0,02337	0,02130	0,02075	0,02173	0,02223	0,02471	0,02332	0,02433	0,02921	0,03135	0,02990	0,03209	0,03573	0,03620	0,03871	0,04156	0,04959	0,05079	0,05551	0,06112	0,05979	0,06023	0,05253	0,04847	0,03285	0,02617	0,02108	0,02208	0,02610	0,02842	0,03087	0,03385	0,02808	0,02882	0,02471	0,02208	0,02177	0,02301
0,02292	0,02035	0,02033	0,02043	0,02136	0,02094	0,02224	0,02094	0,02079	0,02336	0,02146	0,02212	0,02000	0,02058	0,02107	0,02355	0,02433	0,02292	0,02249	0,02333	0,02394	0,02816	0,02746	0,03153	0,03120	0,03384	0,03664	0,03860	0,04204	0,04499	0,04981	0,05362	0,05089	0,04885	0,04861	0,04203	0,03535	0,02821	0,02313	0,02154	0,02542	0,02941	0,03320	0,03532	0,03105	0,03331	0,02998	0,02234	0,02286	0,02081	0,02444
