20,00000	20,20000	20,40000	20,60000	20,80000	21,00000	21,20000	21,40000	21,60000	21,80000	22,00000	22,20000	22,40000	22,60000	22,80000	23,00000	23,20000	23,40000	23,60000	23,80000	24,00000	24,20000	24,40000	24,60000	24,80000	25,00000	25,20000	25,40000	25,60000	25,80000	26,00000	26,20000	26,40000	26,60000	26,80000	27,00000	27,20000	27,40000	27,60000	27,80000	28,00000	28,20000	28,40000	28,60000	28,80000	29,00000	29,20000	29,40000	29,60000	29,80000	30,00000
20,00000	20,20000	20,40000	20,60000	20,80000	21,00000	21,20000	21,40000	21,60000	21,80000	22,00000	22,20000	22,40000	22,60000	22,80000	23,00000	23,20000	23,40000	23,60000	23,80000	24,00000	24,20000	24,40000	24,60000	24,80000	25,00000	25,20000	25,40000	25,60000	25,80000	26,00000	26,20000	26,40000	26,60000	26,80000	27,00000	27,20000	27,40000	27,60000	27,80000	28,00000	28,20000	28,40000	28,60000	28,80000	29,00000	29,20000	29,40000	29,60000	29,80000	30,00000
0,02197	0,02031	0,02001	0,02165	0,01980	0,02068	0,02009	0,02015	0,01968	0,01984	0,02242	0,02125	0,02239	0,02018	0,01978	0,01994	0,01997	0,02062	0,01994	0,02088	0,01989	0,01977	0,02028	0,02167	0,02287	0,02030	0,01967	0,02055	0,02044	0,02025	0,02000	0,02204	0,02200	0,02218	0,02176	0,01931	0,02257	0,02009	0,01946	0,02075	0,02104	0,02233	0,02108	0,02086	0,02312	0,02050	0,02037	0,01922	0,02020	0,01935	0,01923
0,01964	0,02000	0,02243	0,02014	0,02186	0,02054	0,02108	0,01987	0,02034	0,02035	0,01926	0,01938	0,01962	0,01985	0,02002	0,02005	0,02198	0,02027	0,02078	0,02016	0,02068	0,01965	0,01953	0,01989	0,02195	0,02013	0,02152	0,02180	0,02158	0,02004	0,02180	0,02003	0,01984	0,02294	0,02040	0,02116	0,02288	0,01981	0,02258	0,02019	0,02231	0,01954	0,02244	0,02203	0,01999	0,01947	0,02279	0,02090	0,02008	0,02237	0,02030
0,01982	0,02073	0,01926	0,01972	0,01960	0,01931	0,02282	0,01980	0,01954	0,01976	0,02149	0,02211	0,02134	0,02080	0,02013	0,02053	0,02276	0,02252	0,02140	0,02042	0,01969	0,02251	0,02212	0,02265	0,02007	0,02212	0,02057	0,02104	0,02010	0,02001	0,02299	0,02021	0,02135	0,02005	0,01936	0,02009	0,02057	0,02326	0,02169	0,02041	0,02030	0,01975	0,02038	0,01983	0,02168	0,02099	0,01968	0,01995	0,02364	0,02153	0,01997
0,01960	0,01911	0,02002	0,02363	0,02025	0,02310	0,02019	0,02047	0,02276	0,02354	0,02095	0,02076	0,01950	0,02172	0,02167	0,02031	0,02049	0,02051	0,01954	0,02007	0,02031	0,01968	0,02075	0,01985	0,02069	0,02117	0,02162	0,01978	0,02178	0,02293	0,02103	0,02231	0,02178	0,02007	0,02097	0,02320	0,02255	0,01968	0,01985	0,01901	0,01970	0,02069	0,01917	0,01958	0,01930	0,01976	0,01991	0,02032	0,01945	0,01957	0,02005
0,02368	0,02016	0,01992	0,01936	0,01951	0,02087	0,01966	0,02064	0,01996	0,02108	0,01953	0,02051	0,02082	0,01997	0,02142	0,02163	0,02280	0,01938	0,02173	0,02012	0,01965	0,02066	0,02020	0,02200	0,02203	0,02091	0,02209	0,02236	0,02100	0,02024	0,02147	0,02081	0,02216	0,02072	0,02226	0,02062	0,02099	0,02249	0,01943	0,02268	0,02034	0,02180	0,02087	0,02266	0,02073	0,01974	0,02160	0,02243	0,02040	0,01966	0,02230
0,02014	0,02099	0,02025	0,01987	0,01999	0,02024	0,02344	0,01979	0,02218	0,02100	0,02079	0,02379	0,02180	0,02138	0,02235	0,02051	0,02049	0,02029	0,02040	0,02450	0,02389	0,02371	0,02181	0,02348	0,02206	0,02243	0,02266	0,02174	0,02266	0,02319	0,02182	0,02145	0,02288	0,02062	0,02109	0,02100	0,02265	0,02056	0,02211	0,01991	0,02032	0,01895	0,02210	0,01982	0,02062	0,01988	0,02165	0,02043	0,02021	0,01926	0,02001
0,02114	0,02046	0,02040	0,02157	0,01921	0,02274	0,01978	0,02111	0,02022	0,01923	0,01949	0,02051	0,02123	0,02033	0,02013	0,02026	0,02097	0,02277	0,02101	0,02064	0,02135	0,02348	0,02192	0,02505	0,02182	0,02335	0,02513	0,02307	0,02395	0,02478	0,02363	0,02260	0,02522	0,02377	0,02151	0,01999	0,02026	0,01996	0,02231	0,02092	0,02023	0,02026	0,02124	0,02045	0,02215	0,02366	0,02234	0,02002	0,01979	0,02031	0,02217
0,02029	0,01901	0,01932	0,01949	0,02072	0,02019	0,02072	0,02045	0,02137	0,01984	0,02159	0,02012	0,01958	0,02179	0,02017	0,02117	0,02222	0,02137	0,02085	0,02327	0,02060	0,02099	0,02388	0,02366	0,02296	0,02318	0,02681	0,02503	0,02715	0,02547	0,02417	0,02474	0,02308	0,02247	0,02227	0,02495	0,02097	0,02096	0,02024	0,02030	0,02029	0,02112	0,02223	0,01961	0,01950	0,02245	0,02240	0,02236	0,01964	0,02064	0,02047
0,02033	0,01994	0,01989	0,02313	0,01977	0,02008	0,02190	0,02026	0,02171	0,02174	0,01996	0,02229	0,02010	0,02222	0,02087	0,02291	0,02053	0,02128	0,02291	0,02202	0,02038	0,02348	0,02053	0,02168	0,02291	0,02486	0,02359	0,02447	0,02853	0,02907	0,02952	0,02712	0,02554	0,02492	0,02349	0,02203	0,02208	0,02220	0,01974	0,02382	0,02086	0,02052	0,02001	0,02198	0,02227	0,02295	0,02108	0,01973	0,01973	0,02005	0,02248
0,02057	0,02256	0,02048	0,01974	0,01906	0,02009	0,01904	0,02201	0,02127	0,02082	0,02410	0,02020	0,02138	0,02170	0,02021	0,02085	0,02237	0,02164	0,02076	0,02077	0,02462	0,02154	0,02468	0,02458	0,02320	0,02328	0,02344	0,02398	0,02533	0,02416	0,02617	0,02852	0,02906	0,02621	0,02536	0,02521	0,02238	0,02201	0,02408	0,02048	0,02254	0,02223	0,02282	0,02020	0,02109	0,02188	0,02254	0,02004	0,02047	0,02231	0,02296
0,02351	0,02028	0,02081	0,02130	0,02038	0,02100	0,01972	0,02004	0,01984	0,02069	0,02116	0,02242	0,02294	0,02426	0,02327	0,02166	0,02256	0,02491	0,02501	0,02343	0,02303	0,02361	0,02300	0,02334	0,02539	0,02849	0,02797	0,02571	0,02707	0,02428	0,02469	0,02726	0,02870	0,03003	0,02732	0,02463	0,02433	0,02279	0,02191	0,02282	0,02360	0,02107	0,01962	0,02040	0,02213	0,02086	0,01946	0,01897	0,02282	0,02019	0,02051
0,02284	0,01948	0,01990	0,02306	0,02067	0,02013	0,01992	0,02145	0,02285	0,02501	0,02486	0,02371	0,02339	0,02468	0,02185	0,02371	0,02319	0,02386	0,02525	0,02514	0,02315	0,02544	0,02416	0,02603	0,02521	0,02720	0,02811	0,03079	0,02977	0,02622	0,02567	0,02539	0,02535	0,02521	0,02875	0,02685	0,02557	0,02617	0,02223	0,02173	0,02049	0,02006	0,01936	0,02012	0,01946	0,02186	0,02030	0,02234	0,01963	0,02298	0,02116
0,02071	0,02297	0,01987	0,02167	0,02030	0,02055	0,02134	0,02091	0,02179	0,02198	0,02179	0,02379	0,02100	0,02339	0,02714	0,02732	0,02419	0,02417	0,02394	0,02667	0,02375	0,02215	0,02184	0,02327	0,02406	0,02531	0,02973	0,03181	0,03206	0,03079	0,02795	0,02487	0,02297	0,02387	0,02442	0,02538	0,02489	0,02472	0,02409	0,02582	0,02176	0,02233	0,02059	0,02029	0,02097	0,02080	0,02082	0,02009	0,02196	0,01998	0,01975
0,01977	0,02361	0,01919	0,02061	0,02231	0,02165	0,02006	0,02226	0,02282	0,02141	0,02315	0,02124	0,02347	0,02579	0,02599	0,02498	0,02469	0,02428	0,02141	0,02174	0,02413	0,02165	0,02136	0,02448	0,02270	0,02586	0,02482	0,02703	0,02945	0,03209	0,03221	0,02712	0,02552	0,02294	0,02609	0,02415	0,02546	0,02475	0,02496	0,02375	0,02223	0,02146	0,02054	0,02090	0,02212	0,02043	0,02072	0,02016	0,01971	0,02187	0,02135
0,01952	0,01924	0,01965	0,01982	0,01953	0,02243	0,02178	0,02162	0,02146	0,02235	0,02170	0,02532	0,02893	0,02795	0,02933	0,02403	0,02285	0,01976	0,02038	0,02063	0,02288	0,02290	0,02504	0,02928	0,02911	0,02771	0,02515	0,02563	0,02960	0,03103	0,03155	0,03287	0,02691	0,02658	0,02240	0,02180	0,02272	0,02368	0,02357	0,02275	0,02569	0,02332	0,02022	0,02116	0,01988	0,01918	0,02346	0,01998	0,01970	0,02150	0,02058
0,01947	0,02099	0,02105	0,01940	0,02256	0,02124	0,02283	0,02303	0,02408	0,02375	0,02733	0,02767	0,02849	0,02731	0,02407	0,02010	0,01992	0,02388	0,02424	0,02487	0,02953	0,03072	0,03788	0,04189	0,04766	0,04322	0,03824	0,03151	0,02793	0,02884	0,03019	0,03111	0,03023	0,02685	0,02278	0,02039	0,02195	0,02176	0,02318	0,02359	0,02436	0,02233	0,02158	0,02253	0,02013	0,01978	0,01981	0,02034	0,02173	0,02326	0,01946
0,02293	0,02026	0,01994	0,01941	0,02020	0,02218	0,02633	0,02362	0,02454	0,02589	0,02947	0,03211	0,02971	0,02571	0,02129	0,02204	0,02445	0,02855	0,03741	0,04091	0,04618	0,05149	0,05626	0,06857	0,07054	0,07446	0,06410	0,05201	0,04223	0,03329	0,03085	0,03162	0,03053	0,02871	0,02542	0,02273	0,02015	0,02167	0,02130	0,02578	0,02594	0,02267	0,02087	0,02095	0,02243	0,02341	0,01989	0,02042	0,02082	0,02001	0,01944
0,01929	0,02169	0,01964	0,02002	0,02201	0,02648	0,02604	0,02889	0,02878	0,02886	0,03063	0,03126	0,02870	0,02499	0,02349	0,02696	0,03526	0,04433	0,05089	0,06310	0,07330	0,08029	0,08852	0,10007	0,10666	0,11005	0,10201	0,08546	0,06370	0,04761	0,03646	0,03556	0,03215	0,03072	0,02863	0,02424	0,02207	0,01908	0,02245	0,02254	0,02299	0,02239	0,02138	0,02331	0,02285	0,02040	0,02305	0,02043	0,01982	0,01998	0,02307
0,01996	0,02052	0,02208	0,02157	0,02211	0,02496	0,02783	0,02747	0,02764	0,03026	0,03375	0,03164	0,03092	0,02572	0,02628	0,03229	0,03831	0,05135	0,06901	0,08500	0,10013	0,11304	0,12311	0,13910	0,15079	0,15608	0,14551	0,12299	0,09529	0,07103	0,05093	0,03789	0,03674	0,03549	0,03192	0,03008	0,02545	0,02197	0,02057	0,02361	0,02212	0,02269	0,02418	0,02108	0,02205	0,01963	0,01911	0,02214	0,02220	0,02113	0,02162
0,02040	0,02029	0,02174	0,02387	0,02483	0,02789	0,02766	0,02887	0,03096	0,02983	0,03055	0,02807	0,02470	0,02379	0,02832	0,03060	0,04058	0,05359	0,07305	0,09618	0,12019	0,13952	0,15675	0,17700	0,19465	0,19706	0,19041	0,16203	0,13073	0,09513	0,06647	0,04708	0,03859	0,03861	0,03320	0,02862	0,02580	0,02396	0,02287	0,01997	0,02127	0,02338	0,02358	0,02287	0,02285	0,02337	0,01999	0,01952	0,01955	0,02018	0,01950
0,02302	0,02264	0,02068	0,02489	0,02366	0,02632	0,02719	0,02821	0,02735	0,02926	0,02920	0,02527	0,02452	0,02136	0,02308	0,03241	0,03889	0,05598	0,07469	0,10548	0,12713	0,15653	0,18275	0,21148	0,22944	0,23587	0,22345	0,19242	0,15448	0,11830	0,08087	0,05683	0,04657	0,03968	0,03421	0,03114	0,03043	0,02421	0,02358	0,02187	0,02097	0,02223	0,02231	0,02223	0,02143	0,02147	0,02060	0,02322	0,02122	0,02034	0,02052
0,02031	0,02436	0,02352	0,02417	0,02282	0,02539	0,02610	0,02444	0,02435	0,02368	0,02371	0,02222	0,02085	0,02429	0,03083	0,04035	0,04997	0,06666	0,08689	0,10944	0,13660	0,16523	0,19435	0,22768	0,25147	0,26115	0,24975	0,21618	0,17918	0,13306	0,09447	0,06736	0,05219	0,04627	0,03700	0,03351	0,03334	0,02865	0,02361	0,02258	0,02132	0,02255	0,02384	0,02485	0,02344	0,02093	0,02268	0,02266	0,02055	0,02022	0,02257
0,01942	0,02064	0,02137	0,02208	0,02625	0,02551	0,02463	0,02343	0,02465	0,02152	0,02158	0,02055	0,02467	0,03284	0,04436	0,06346	0,07635	0,09236	0,10557	0,12272	0,13754	0,16479	0,19598	0,22639	0,25665	0,26609	0,25679	0,22568	0,18772	0,14156	0,10360	0,07419	0,05929	0,04714	0,04126	0,03496	0,03381	0,03141	0,02356	0,01962	0,02164	0,02395	0,02584	0,02220	0,02131	0,02345	0,02272	0,01902	0,01949	0,02010	0,02368
0,02378	0,02085	0,02276	0,02560	0,02306	0,02378	0,02313	0,02389	0,02173	0,02370	0,02112	0,02279	0,03080	0,04449	0,06619	0,08577	0,10165	0,11891	0,12660	0,13400	0,14061	0,15961	0,18587	0,21188	0,23946	0,25493	0,24758	0,22001	0,17939	0,14402	0,10622	0,07997	0,06209	0,05154	0,04438	0,03778	0,03655	0,02915	0,02506	0,02345	0,02186	0,02166	0,02476	0,02610	0,02303	0,02098	0,02096	0,02268	0,01957	0,01960	0,02308
0,02150	0,02351	0,02179	0,02161	0,02533	0,02479	0,02221	0,02068	0,02028	0,02264	0,02411	0,03096	0,03827	0,05567	0,07938	0,10513	0,11777	0,12992	0,13450	0,13999	0,14186	0,14873	0,16717	0,19112	0,21840	0,23278	0,23496	0,20565	0,17772	0,13520	0,10579	0,07789	0,06570	0,05599	0,04474	0,03964	0,03489	0,02987	0,02565	0,02284	0,02157	0,02511	0,02259	0,02601	0,02334	0,02373	0,02241	0,01964	0,02036	0,02055	0,02080
0,02090	0,02101	0,02444	0,02199	0,02241	0,02140	0,02143	0,02292	0,02287	0,02497	0,03262	0,03693	0,04726	0,06637	0,08473	0,10746	0,12246	0,13139	0,13511	0,13634	0,13446	0,13830	0,15214	0,17492	0,19755	0,20765	0,21034	0,18665	0,15999	0,12505	0,10058	0,07763	0,06636	0,05710	0,04766	0,04099	0,03624	0,03119	0,02915	0,02322	0,02053	0,02145	0,02441	0,02342	0,02499	0,02152	0,02036	0,02116	0,02046	0,02004	0,01999
0,02120	0,02361	0,02147	0,02192	0,02161	0,02090	0,02165	0,02169	0,02230	0,02543	0,03323	0,04365	0,05749	0,07257	0,09014	0,10896	0,12064	0,12976	0,13460	0,13635	0,13167	0,13252	0,14252	0,15682	0,17714	0,18818	0,18555	0,16465	0,14566	0,11581	0,09141	0,07606	0,06361	0,05594	0,05044	0,04137	0,03705	0,03208	0,02962	0,02136	0,02060	0,02375	0,02380	0,02414	0,02250	0,02084	0,02059	0,02300	0,01922	0,02039	0,01997
0,02021	0,02084	0,02281	0,02193	0,02140	0,02160	0,02112	0,02246	0,02374	0,02820	0,03350	0,04626	0,06052	0,08201	0,09631	0,11071	0,12287	0,13425	0,13695	0,13604	0,13384	0,13515	0,13915	0,14813	0,15985	0,16565	0,16333	0,14359	0,12428	0,10359	0,08681	0,07101	0,06404	0,05945	0,04979	0,04303	0,04053	0,03292	0,02743	0,02473	0,02402	0,02251	0,02331	0,02413	0,02298	0,02157	0,01974	0,02016	0,02042	0,01943	0,02092
0,02072	0,02077	0,02167	0,02402	0,02285	0,02075	0,02437	0,02407	0,02634	0,02828	0,03497	0,04716	0,05993	0,07889	0,10012	0,11468	0,12212	0,13276	0,13556	0,13508	0,13342	0,12835	0,13066	0,13565	0,14394	0,14536	0,14157	0,12383	0,10761	0,09154	0,08047	0,06786	0,06259	0,05550	0,04969	0,04410	0,03853	0,03238	0,02628	0,02244	0,02423	0,02399	0,02409	0,02460	0,02360	0,02162	0,02103	0,02062	0,02181	0,02195	0,02058
0,02028	0,02101	0,02057	0,02134	0,02069	0,02265	0,02372	0,02615	0,02684	0,03356	0,03578	0,04365	0,05798	0,07205	0,08748	0,10176	0,11119	0,11825	0,12611	0,12683	0,12638	0,12319	0,11974	0,12370	0,12966	0,12830	0,11995	0,10701	0,09679	0,08354	0,07723	0,06917	0,06208	0,05679	0,05206	0,04206	0,03607	0,03076	0,02603	0,02531	0,02120	0,02276	0,02523	0,02421	0,02495	0,02371	0,02391	0,02026	0,02149	0,01964	0,01993
0,02085	0,02120	0,02485	0,02411	0,02321	0,02138	0,02359	0,02382	0,02637	0,03045	0,03562	0,04086	0,05250	0,06270	0,07710	0,08764	0,09407	0,10256	0,10748	0,11023	0,10784	0,10657	0,10939	0,11020	0,11037	0,10695	0,10441	0,09111	0,08724	0,07793	0,07245	0,06990	0,06414	0,05941	0,05047	0,04050	0,03279	0,02869	0,02776	0,02251	0,02456	0,02254	0,02469	0,02385	0,02305	0,02114	0,02183	0,02376	0,02006	0,02233	0,02065
0,02056	0,02299	0,02183	0,02110	0,02296	0,02169	0,02144	0,02339	0,02633	0,02921	0,03212	0,03901	0,04302	0,05012	0,06127	0,07183	0,07724	0,08336	0,08941	0,09111	0,09279	0,09181	0,09295	0,09380	0,09278	0,09111	0,08639	0,08531	0,08308	0,07762	0,07859	0,07172	0,06791	0,06043	0,04714	0,03785	0,03222	0,02832	0,02461	0,02387	0,02119	0,02422	0,02526	0,02369	0,02234	0,02265	0,02194	0,02134	0,02119	0,02039	0,02189
0,01997	0,01988	0,02230	0,02094	0,02365	0,02143	0,02332	0,02529	0,02375	0,02695	0,03055	0,03230	0,03899	0,04380	0,04987	0,05989	0,06462	0,06784	0,07745	0,07857	0,08242	0,08122	0,08382	0,08143	0,07929	0,07753	0,07880	0,08113	0,08280	0,08200	0,08096	0,07606	0,06688	0,05630	0,04253	0,03424	0,02899	0,02910	0,02493	0,02197	0,02128	0,02169	0,02426	0,02353	0,02548	0,02324	0,02436	0,02166	0,02131	0,02090	0,02070
0,02221	0,02073	0,02010	0,02171	0,02207	0,02102	0,02163	0,02276	0,02305	0,02413	0,02632	0,03011	0,03335	0,03661	0,04434	0,04956	0,05405	0,05839	0,06329	0,06929	0,07002	0,06982	0,06927	0,06959	0,07127	0,07006	0,07521	0,08355	0,08624	0,09145	0,08569	0,07819	0,06446	0,05015	0,04189	0,03302	0,02659	0,02391	0,02316	0,02268	0,02328	0,02233	0,02634	0,02251	0,02200	0,02162	0,02122	0,02091	0,02032	0,02003	0,02334
0,02011	0,02117	0,02267	0,01994	0,02035	0,02445	0,02184	0,02378	0,02459	0,02514	0,02478	0,02906	0,03025	0,03585	0,03894	0,04324	0,04733	0,05345	0,05576	0,05852	0,05967	0,06157	0,05993	0,06189	0,06410	0,07036	0,08021	0,09100	0,09629	0,09619	0,08644	0,07061	0,05917	0,04270	0,03555	0,02879	0,02605	0,02466	0,02271	0,02044	0,01999	0,02384	0,02332	0,02536	0,02263	0,02194	0,02238	0,02154	0,02219	0,02269	0,02030
0,02320	0,01991	0,01989	0,02120	0,02253	0,02036	0,02146	0,02087	0,02097	0,02142	0,02396	0,02574	0,03115	0,03412	0,03481	0,03915	0,04275	0,04489	0,04749	0,05293	0,05391	0,05426	0,05253	0,05743	0,06333	0,07568	0,08502	0,09663	0,10206	0,09715	0,08106	0,06538	0,04833	0,03657	0,02783	0,02565	0,02411	0,02253	0,02410	0,02002	0,02138	0,02218	0,02492	0,02234	0,02175	0,02136	0,02161	0,02193	0,02086	0,02380	0,02064
0,02006	0,01958	0,02024	0,02097	0,02014	0,02365	0,02057	0,02391	0,02067	0,02337	0,02374	0,02474	0,02847	0,03088	0,03589	0,03618	0,03806	0,04070	0,04212	0,04318	0,04731	0,04649	0,05168	0,05766	0,06634	0,08597	0,09453	0,10077	0,09750	0,08997	0,06861	0,05236	0,03942	0,02922	0,02420	0,02468	0,02765	0,02609	0,02460	0,01980	0,02069	0,02255	0,02181	0,02249	0,02162	0,02351	0,02312	0,02185	0,02300	0,02053	0,02204
0,01966	0,02150	0,01994	0,01993	0,02173	0,02040	0,02096	0,01995	0,02451	0,02171	0,02596	0,02539	0,02931	0,03019	0,03236	0,03656	0,03830	0,03725	0,04046	0,04133	0,04559	0,04712	0,05307	0,06577	0,07428	0,08648	0,09684	0,09432	0,08967	0,06955	0,05774	0,03996	0,02883	0,02381	0,02258	0,02400	0,02637	0,02253	0,02018	0,02008	0,02126	0,02075	0,02224	0,02141	0,02471	0,02311	0,02251	0,02187	0,02084	0,02057	0,02053
0,02189	0,01904	0,02269	0,01953	0,02236	0,02307	0,02157	0,02299	0,02069	0,02177	0,02306	0,02730	0,02808	0,02926	0,03134	0,03600	0,03489	0,03722	0,03861	0,04342	0,04304	0,05038	0,06039	0,06658	0,07687	0,08544	0,08658	0,08075	0,07015	0,05440	0,03886	0,02640	0,02504	0,02271	0,02754	0,02605	0,02557	0,02441	0,02180	0,02161	0,02001	0,02204	0,02191	0,02156	0,02437	0,02238	0,02218	0,02172	0,02347	0,02261	0,02403
0,01973	0,02032	0,02256	0,01901	0,01971	0,01957	0,02112	0,02013	0,02169	0,02212	0,02291	0,02485	0,02604	0,03104	0,03454	0,03489	0,03643	0,03810	0,03781	0,04492	0,04455	0,05062	0,05841	0,06817	0,07339	0,07527	0,07373	0,06203	0,05273	0,03951	0,03030	0,02237	0,02284	0,02461	0,02642	0,02813	0,02651	0,02662	0,02405	0,02187	0,02197	0,02116	0,02081	0,02087	0,02167	0,02295	0,02458	0,02252	0,02225	0,02192	0,02315
0,02082	0,01949	0,01961	0,01948	0,02032	0,02025	0,02314	0,02409	0,02138	0,02306	0,02356	0,02589	0,02682	0,02858	0,03158	0,03459	0,03372	0,03699	0,03805	0,04174	0,04702	0,05164	0,05630	0,06010	0,06225	0,06224	0,05312	0,04460	0,03462	0,02973	0,02232	0,02413	0,02330	0,02792	0,03071	0,02946	0,02739	0,02457	0,02359	0,02604	0,02177	0,02095	0,02180	0,02246	0,02149	0,02239	0,02313	0,02230	0,02246	0,02205	0,02133
0,02323	0,02296	0,02027	0,02048	0,02014	0,02134	0,02206	0,02101	0,02212	0,02351	0,02606	0,02364	0,02595	0,02797	0,03039	0,03190	0,03366	0,03886	0,03850	0,04129	0,04409	0,04951	0,05320	0,05247	0,04992	0,04514	0,03871	0,03420	0,02508	0,02121	0,02456	0,02660	0,02731	0,03349	0,03170	0,03177	0,02871	0,02647	0,02477	0,02219	0,02428	0,02093	0,02012	0,02257	0,02272	0,02461	0,02252	0,02362	0,02117	0,02186	0,02042
0,01965	0,02017	0,01987	0,02008	0,01932	0,02039	0,02126	0,02233	0,02115	0,02247	0,02245	0,02395	0,02645	0,02699	0,02945	0,03157	0,03402	0,03648	0,04061	0,04234	0,04439	0,04351	0,04593	0,04323	0,04185	0,03484	0,02879	0,02288	0,02311	0,02046	0,02185	0,02769	0,03115	0,03585	0,03496	0,03420	0,03071	0,03020	0,02800	0,02396	0,02126	0,02192	0,02441	0,02224	0,02499	0,02234	0,02280	0,02167	0,02195	0,02177	0,02385
0,01938	0,02044	0,02233	0,01988	0,02306	0,02122	0,02235	0,01930	0,02128	0,02245	0,02362	0,02321	0,02458	0,02759	0,03148	0,03088	0,03585	0,03668	0,04003	0,03795	0,04135	0,03895	0,03918	0,03794	0,03064	0,02859	0,02601	0,02034	0,02100	0,02206	0,02631	0,03087	0,03323	0,03557	0,03658	0,03520	0,03366	0,03091	0,02630	0,02556	0,02245	0,02123	0,02191	0,02292	0,02645	0,02609	0,02154	0,02259	0,02129	0,02098	0,02241
0,02012	0,01986	0,02032	0,01984	0,01908	0,01953	0,01972	0,01941	0,02341	0,02130	0,02507	0,02515	0,02652	0,02781	0,02786	0,03194	0,03524	0,03416	0,03469	0,03616	0,03862	0,03497	0,03304	0,02891	0,02593	0,02211	0,02137	0,02053	0,02044	0,02546	0,02830	0,03380	0,03496	0,03670	0,03875	0,03443	0,03073	0,02977	0,02544	0,02705	0,02356	0,02329	0,02578	0,02353	0,02271	0,02521	0,02283	0,02217	0,02329	0,02165	0,02050
0,02008	0,02112	0,01968	0,02062	0,02162	0,01956	0,01968	0,02016	0,02094	0,02284	0,02109	0,02413	0,02335	0,02472	0,02720	0,02968	0,02952	0,03056	0,03202	0,03433	0,03363	0,03043	0,02900	0,02653	0,02257	0,02345	0,02311	0,02360	0,02676	0,02921	0,03506	0,03426	0,03721	0,03739	0,03782	0,03410	0,03238	0,03087	0,02618	0,02375	0,02321	0,02356	0,02516	0,02510	0,02609	0,02487	0,02210	0,02064	0,02287	0,02296	0,02037
0,02093	0,01964	0,02253	0,02082	0,01971	0,02181	0,01971	0,02019	0,02287	0,02118	0,02181	0,02299	0,02462	0,02224	0,02360	0,02780	0,02771	0,02857	0,02881	0,02817	0,03011	0,02912	0,02405	0,02253	0,02429	0,02200	0,02179	0,02444	0,02632	0,03163	0,03242	0,03828	0,03646	0,03716	0,03793	0,03305	0,02988	0,02754	0,02789	0,02509	0,02606	0,02623	0,02498	0,02417	0,02333	0,02210	0,02283	0,02245	0,02321	0,02042	0,01956
0,02109	0,02003	0,02276	0,01957	0,02268	0,02083	0,02043	0,02229	0,02030	0,02236	0,02068	0,02111	0,02084	0,02067	0,02298	0,02263	0,02308	0,02485	0,02493	0,02433	0,02504	0,02556	0,02579	0,02137	0,02228	0,02463	0,02308	0,02548	0,03110	0,03078	0,03416	0,03528	0,03499	0,03768	0,03326	0,03143	0,02910	0,02982	0,02597	0,02838	0,02781	0,02562	0,02615	0,02409	0,02331	0,02506	0,02120	0,02100	0,02226	0,02256	0,02087
0,02074	0,02297	0,02047	0,02031	0,01936	0,02016	0,02312	0,02172	0,02108	0,02227	0,02167	0,02117	0,02118	0,02168	0,02232	0,02196	0,02239	0,02244	0,02126	0,02248	0,02283	0,02184	0,02199	0,02184	0,02155	0,02270	0,02374	0,02681	0,02843	0,03171	0,03426	0,03248	0,03421	0,03307	0,03040	0,02915	0,02700	0,02669	0,02595	0,02489	0,02564	0,02569	0,02798	0,02365	0,02319	0,02278	0,02133	0,02086	0,02105	0,01969	0,02168
0,02031	0,02006	0,02286	0,02297	0,02025	0,01968	0,01999	0,02024	0,02123	0,02066	0,02003	0,02054	0,02317	0,02069	0,02012	0,02163	0,02031	0,02004	0,02173	0,02325	0,02031	0,02074	0,02034	0,02162	0,02185	0,02634	0,02466	0,02534	0,02901	0,02833	0,02839	0,02888	0,02910	0,02874	0,03031	0,02563	0,02635	0,02592	0,02522	0,02583	0,02622	0,02539	0,02564	0,02453	0,02275	0,02224	0,02303	0,02264	0,02391	0,02266	0,02340
0,02037	0,02362	0,01880	0,02326	0,02044	0,02040	0,02012	0,02055	0,02059	0,02343	0,02014	0,02124	0,02359	0,02055	0,02125	0,02417	0,02107	0,02055	0,02074	0,01993	0,01938	0,01952	0,02193	0,02363	0,02254	0,02428	0,02267	0,02505	0,02590	0,02595	0,02724	0,02599	0,02767	0,02534	0,02476	0,02493	0,02556	0,02407	0,02628	0,02509	0,02696	0,02620	0,02454	0,02499	0,02518	0,02119	0,02173	0,02317	0,02123	0,02066	0,02307
