22,10000	22,26000	22,42000	22,58000	22,74000	22,90000	23,06000	23,22000	23,38000	23,54000	23,70000	23,86000	24,02000	24,18000	24,34000	24,50000	24,66000	24,82000	24,98000	25,14000	25,30000	25,46000	25,62000	25,78000	25,94000	26,10000	26,26000	26,42000	26,58000	26,74000	26,90000	27,06000	27,22000	27,38000	27,54000	27,70000	27,86000	28,02000	28,18000	28,34000	28,50000	28,66000	28,82000	28,98000	29,14000	29,30000	29,46000	29,62000	29,78000	29,94000	30,10000
22,60000	22,76000	22,92000	23,08000	23,24000	23,40000	23,56000	23,72000	23,88000	24,04000	24,20000	24,36000	24,52000	24,68000	24,84000	25,00000	25,16000	25,32000	25,48000	25,64000	25,80000	25,96000	26,12000	26,28000	26,44000	26,60000	26,76000	26,92000	27,08000	27,24000	27,40000	27,56000	27,72000	27,88000	28,04000	28,20000	28,36000	28,52000	28,68000	28,84000	29,00000	29,16000	29,32000	29,48000	29,64000	29,80000	29,96000	30,12000	30,28000	30,44000	30,60000
0,00136	0,00153	0,00136	0,00147	0,00136	0,00143	0,00135	0,00144	0,00149	0,00135	0,00168	0,00158	0,00165	0,00141	0,00157	0,00150	0,00141	0,00154	0,00140	0,00163	0,00147	0,00126	0,00130	0,00157	0,00160	0,00123	0,00128	0,00127	0,00125	0,00143	0,00147	0,00155	0,00121	0,00119	0,00126	0,00116	0,00133	0,00121	0,00125	0,00120	0,00140	0,00131	0,00127	0,00125	0,00124	0,00119	0,00118	0,00117	0,00114	0,00138	0,00137
0,00127	0,00119	0,00127	0,00152	0,00123	0,00131	0,00163	0,00164	0,00141	0,00174	0,00188	0,00131	0,00138	0,00142	0,00149	0,00136	0,00146	0,00131	0,00141	0,00140	0,00129	0,00132	0,00158	0,00122	0,00152	0,00125	0,00120	0,00164	0,00134	0,00125	0,00155	0,00168	0,00125	0,00131	0,00118	0,00116	0,00137	0,00133	0,00122	0,00124	0,00119	0,00139	0,00120	0,00127	0,00134	0,00131	0,00153	0,00136	0,00127	0,00141	0,00111
0,00118	0,00134	0,00150	0,00148	0,00123	0,00149	0,00162	0,00132	0,00152	0,00145	0,00141	0,00140	0,00139	0,00154	0,00141	0,00143	0,00137	0,00145	0,00139	0,00133	0,00123	0,00141	0,00123	0,00134	0,00151	0,00143	0,00139	0,00120	0,00124	0,00148	0,00124	0,00123	0,00143	0,00126	0,00131	0,00119	0,00114	0,00133	0,00138	0,00157	0,00141	0,00125	0,00123	0,00162	0,00118	0,00159	0,00114	0,00124	0,00154	0,00151	0,00126
0,00132	0,00163	0,00121	0,00144	0,00141	0,00165	0,00130	0,00137	0,00138	0,00176	0,00169	0,00148	0,00137	0,00134	0,00162	0,00143	0,00172	0,00135	0,00133	0,00147	0,00137	0,00136	0,00125	0,00121	0,00121	0,00123	0,00127	0,00141	0,00158	0,00126	0,00124	0,00145	0,00150	0,00126	0,00145	0,00158	0,00121	0,00153	0,00144	0,00125	0,00105	0,00126	0,00111	0,00128	0,00124	0,00135	0,00118	0,00139	0,00132	0,00145	0,00113
0,00137	0,00137	0,00122	0,00157	0,00141	0,00146	0,00152	0,00155	0,00138	0,00164	0,00131	0,00142	0,00146	0,00138	0,00161	0,00152	0,00145	0,00157	0,00153	0,00146	0,00144	0,00132	0,00136	0,00128	0,00146	0,00132	0,00134	0,00121	0,00165	0,00131	0,00141	0,00126	0,00128	0,00143	0,00162	0,00120	0,00136	0,00114	0,00123	0,00130	0,00118	0,00122	0,00168	0,00127	0,00138	0,00144	0,00129	0,00105	0,00125	0,00134	0,00123
0,00137	0,00155	0,00126	0,00149	0,00126	0,00138	0,00136	0,00130	0,00123	0,00159	0,00157	0,00158	0,00167	0,00136	0,00175	0,00169	0,00139	0,00190	0,00178	0,00170	0,00147	0,00157	0,00141	0,00147	0,00138	0,00143	0,00128	0,00127	0,00153	0,00122	0,00121	0,00132	0,00133	0,00115	0,00151	0,00120	0,00162	0,00122	0,00154	0,00125	0,00134	0,00135	0,00127	0,00157	0,00124	0,00129	0,00146	0,00126	0,00154	0,00129	0,00154
0,00124	0,00138	0,00136	0,00128	0,00162	0,00154	0,00160	0,00132	0,00104	0,00130	0,00132	0,00124	0,00151	0,00116	0,00126	0,00135	0,00156	0,00147	0,00147	0,00178	0,00173	0,00197	0,00156	0,00156	0,00159	0,00160	0,00194	0,00122	0,00153	0,00134	0,00159	0,00128	0,00125	0,00124	0,00140	0,00129	0,00157	0,00120	0,00137	0,00118	0,00127	0,00115	0,00112	0,00123	0,00121	0,00148	0,00113	0,00123	0,00124	0,00126	0,00133
0,00163	0,00147	0,00117	0,00135	0,00130	0,00110	0,00153	0,00148	0,00142	0,00121	0,00120	0,00132	0,00123	0,00143	0,00154	0,00135	0,00160	0,00140	0,00164	0,00154	0,00138	0,00148	0,00168	0,00158	0,00150	0,00158	0,00149	0,00173	0,00142	0,00156	0,00130	0,00126	0,00113	0,00116	0,00153	0,00152	0,00129	0,00110	0,00146	0,00117	0,00112	0,00121	0,00126	0,00112	0,00111	0,00117	0,00128	0,00124	0,00152	0,00128	0,00116
0,00136	0,00122	0,00131	0,00148	0,00122	0,00155	0,00137	0,00156	0,00138	0,00143	0,00139	0,00133	0,00140	0,00178	0,00135	0,00143	0,00141	0,00123	0,00133	0,00159	0,00135	0,00164	0,00159	0,00167	0,00164	0,00165	0,00158	0,00161	0,00141	0,00144	0,00123	0,00127	0,00158	0,00140	0,00133	0,00131	0,00140	0,00159	0,00132	0,00135	0,00125	0,00139	0,00111	0,00119	0,00141	0,00122	0,00119	0,00116	0,00121	0,00119	0,00122
0,00126	0,00154	0,00131	0,00120	0,00151	0,00143	0,00174	0,00170	0,00146	0,00131	0,00155	0,00162	0,00164	0,00155	0,00198	0,00139	0,00144	0,00147	0,00134	0,00141	0,00169	0,00144	0,00145	0,00147	0,00157	0,00147	0,00181	0,00174	0,00159	0,00146	0,00130	0,00165	0,00133	0,00141	0,00162	0,00117	0,00154	0,00122	0,00155	0,00117	0,00131	0,00151	0,00127	0,00130	0,00122	0,00148	0,00116	0,00159	0,00119	0,00121	0,00116
0,00154	0,00114	0,00153	0,00130	0,00125	0,00168	0,00152	0,00156	0,00161	0,00167	0,00164	0,00154	0,00175	0,00185	0,00169	0,00204	0,00171	0,00166	0,00169	0,00143	0,00143	0,00137	0,00139	0,00139	0,00148	0,00150	0,00140	0,00157	0,00167	0,00175	0,00144	0,00142	0,00140	0,00140	0,00125	0,00136	0,00166	0,00135	0,00121	0,00153	0,00166	0,00165	0,00154	0,00114	0,00141	0,00153	0,00112	0,00130	0,00117	0,00145	0,00122
0,00165	0,00134	0,00117	0,00171	0,00162	0,00159	0,00153	0,00168	0,00184	0,00167	0,00180	0,00168	0,00177	0,00173	0,00171	0,00189	0,00215	0,00169	0,00168	0,00146	0,00136	0,00147	0,00133	0,00131	0,00151	0,00180	0,00138	0,00145	0,00156	0,00178	0,00143	0,00141	0,00129	0,00133	0,00142	0,00121	0,00121	0,00109	0,00128	0,00114	0,00161	0,00133	0,00125	0,00123	0,00137	0,00115	0,00128	0,00147	0,00135	0,00128	0,00135
0,00140	0,00139	0,00143	0,00169	0,00174	0,00170	0,00165	0,00161	0,00167	0,00149	0,00178	0,00151	0,00178	0,00202	0,00218	0,00181	0,00209	0,00157	0,00176	0,00184	0,00181	0,00139	0,00127	0,00148	0,00134	0,00143	0,00153	0,00142	0,00163	0,00158	0,00155	0,00144	0,00169	0,00140	0,00122	0,00120	0,00147	0,00135	0,00157	0,00131	0,00121	0,00163	0,00144	0,00130	0,00156	0,00143	0,00118	0,00158	0,00126	0,00148	0,00121
0,00151	0,00173	0,00156	0,00178	0,00169	0,00176	0,00180	0,00134	0,00157	0,00142	0,00153	0,00172	0,00155	0,00168	0,00163	0,00170	0,00165	0,00173	0,00152	0,00154	0,00147	0,00189	0,00181	0,00148	0,00159	0,00131	0,00136	0,00144	0,00173	0,00137	0,00141	0,00160	0,00143	0,00160	0,00132	0,00135	0,00151	0,00126	0,00123	0,00127	0,00127	0,00122	0,00124	0,00125	0,00114	0,00135	0,00141	0,00111	0,00129	0,00147	0,00135
0,00181	0,00162	0,00149	0,00178	0,00153	0,00161	0,00149	0,00135	0,00142	0,00134	0,00140	0,00152	0,00158	0,00183	0,00219	0,00175	0,00155	0,00171	0,00152	0,00174	0,00133	0,00148	0,00157	0,00145	0,00126	0,00121	0,00167	0,00157	0,00150	0,00144	0,00139	0,00139	0,00143	0,00142	0,00140	0,00141	0,00130	0,00118	0,00117	0,00162	0,00132	0,00139	0,00150	0,00127	0,00121	0,00127	0,00152	0,00133	0,00163	0,00121	0,00149
0,00173	0,00170	0,00151	0,00153	0,00155	0,00181	0,00167	0,00151	0,00156	0,00153	0,00151	0,00174	0,00187	0,00223	0,00204	0,00189	0,00177	0,00180	0,00145	0,00127	0,00150	0,00159	0,00160	0,00172	0,00135	0,00167	0,00171	0,00143	0,00127	0,00144	0,00132	0,00167	0,00120	0,00144	0,00163	0,00126	0,00147	0,00126	0,00146	0,00128	0,00122	0,00140	0,00135	0,00150	0,00114	0,00114	0,00122	0,00143	0,00137	0,00128	0,00127
0,00191	0,00185	0,00166	0,00165	0,00159	0,00149	0,00209	0,00176	0,00155	0,00166	0,00165	0,00202	0,00206	0,00259	0,00250	0,00205	0,00195	0,00175	0,00170	0,00155	0,00139	0,00153	0,00128	0,00135	0,00161	0,00141	0,00131	0,00163	0,00141	0,00131	0,00124	0,00133	0,00120	0,00133	0,00136	0,00127	0,00140	0,00117	0,00149	0,00114	0,00140	0,00112	0,00131	0,00124	0,00143	0,00127	0,00127	0,00120	0,00150	0,00115	0,00111
0,00192	0,00215	0,00190	0,00177	0,00184	0,00191	0,00209	0,00188	0,00176	0,00191	0,00176	0,00200	0,00215	0,00273	0,00266	0,00228	0,00235	0,00224	0,00232	0,00189	0,00166	0,00146	0,00140	0,00130	0,00138	0,00152	0,00173	0,00147	0,00128	0,00138	0,00134	0,00150	0,00147	0,00132	0,00131	0,00134	0,00138	0,00157	0,00127	0,00116	0,00121	0,00122	0,00119	0,00117	0,00122	0,00147	0,00115	0,00119	0,00154	0,00115	0,00120
0,00235	0,00239	0,00214	0,00190	0,00223	0,00195	0,00205	0,00232	0,00202	0,00180	0,00222	0,00201	0,00217	0,00234	0,00263	0,00250	0,00287	0,00285	0,00245	0,00262	0,00225	0,00207	0,00156	0,00162	0,00158	0,00150	0,00154	0,00148	0,00155	0,00158	0,00139	0,00131	0,00164	0,00133	0,00129	0,00124	0,00128	0,00141	0,00119	0,00127	0,00120	0,00133	0,00142	0,00140	0,00124	0,00117	0,00150	0,00132	0,00115	0,00131	0,00128
0,00280	0,00260	0,00234	0,00218	0,00245	0,00272	0,00227	0,00212	0,00204	0,00214	0,00196	0,00209	0,00213	0,00220	0,00257	0,00255	0,00295	0,00298	0,00309	0,00340	0,00324	0,00251	0,00200	0,00193	0,00190	0,00171	0,00154	0,00148	0,00142	0,00166	0,00171	0,00172	0,00148	0,00131	0,00130	0,00131	0,00123	0,00146	0,00122	0,00158	0,00124	0,00122	0,00140	0,00119	0,00113	0,00122	0,00161	0,00129	0,00113	0,00139	0,00116
0,00287	0,00276	0,00260	0,00268	0,00263	0,00260	0,00256	0,00236	0,00234	0,00274	0,00225	0,00249	0,00222	0,00196	0,00223	0,00249	0,00270	0,00323	0,00404	0,00426	0,00393	0,00345	0,00257	0,00245	0,00236	0,00179	0,00167	0,00150	0,00176	0,00138	0,00162	0,00130	0,00136	0,00133	0,00137	0,00147	0,00121	0,00135	0,00137	0,00126	0,00128	0,00145	0,00131	0,00129	0,00113	0,00129	0,00131	0,00126	0,00153	0,00121	0,00142
0,00334	0,00334	0,00306	0,00328	0,00315	0,00314	0,00348	0,00334	0,00312	0,00318	0,00304	0,00307	0,00274	0,00212	0,00231	0,00264	0,00323	0,00376	0,00468	0,00522	0,00538	0,00439	0,00361	0,00334	0,00276	0,00234	0,00187	0,00182	0,00165	0,00148	0,00182	0,00162	0,00137	0,00137	0,00138	0,00125	0,00134	0,00171	0,00132	0,00161	0,00125	0,00129	0,00160	0,00115	0,00118	0,00106	0,00135	0,00129	0,00160	0,00159	0,00146
0,00388	0,00389	0,00319	0,00380	0,00393	0,00410	0,00397	0,00425	0,00415	0,00440	0,00415	0,00377	0,00395	0,00301	0,00309	0,00294	0,00369	0,00444	0,00586	0,00627	0,00636	0,00571	0,00454	0,00432	0,00393	0,00294	0,00210	0,00185	0,00184	0,00165	0,00195	0,00156	0,00161	0,00176	0,00139	0,00133	0,00130	0,00154	0,00126	0,00130	0,00158	0,00130	0,00138	0,00122	0,00111	0,00158	0,00135	0,00137	0,00120	0,00128	0,00115
0,00466	0,00464	0,00358	0,00395	0,00433	0,00491	0,00553	0,00559	0,00600	0,00617	0,00569	0,00574	0,00522	0,00402	0,00379	0,00377	0,00487	0,00570	0,00686	0,00762	0,00753	0,00729	0,00609	0,00523	0,00472	0,00351	0,00270	0,00213	0,00176	0,00180	0,00176	0,00172	0,00157	0,00174	0,00150	0,00143	0,00144	0,00130	0,00142	0,00159	0,00166	0,00121	0,00125	0,00160	0,00123	0,00125	0,00149	0,00124	0,00149	0,00163	0,00156
0,00508	0,00510	0,00425	0,00471	0,00531	0,00623	0,00674	0,00744	0,00756	0,00763	0,00732	0,00703	0,00667	0,00560	0,00517	0,00489	0,00590	0,00734	0,00835	0,00900	0,00906	0,00806	0,00724	0,00650	0,00575	0,00446	0,00320	0,00239	0,00205	0,00230	0,00214	0,00186	0,00171	0,00168	0,00176	0,00142	0,00167	0,00140	0,00161	0,00139	0,00156	0,00126	0,00135	0,00146	0,00142	0,00153	0,00110	0,00135	0,00116	0,00138	0,00125
0,00593	0,00583	0,00514	0,00582	0,00662	0,00756	0,00829	0,00901	0,00916	0,00928	0,00904	0,00819	0,00746	0,00653	0,00748	0,00634	0,00777	0,00898	0,01003	0,01047	0,01000	0,00944	0,00882	0,00795	0,00645	0,00477	0,00351	0,00271	0,00261	0,00223	0,00220	0,00209	0,00189	0,00208	0,00149	0,00151	0,00144	0,00149	0,00130	0,00153	0,00136	0,00164	0,00124	0,00136	0,00116	0,00126	0,00150	0,00137	0,00116	0,00148	0,00137
0,00627	0,00656	0,00606	0,00634	0,00748	0,00860	0,00928	0,00996	0,00980	0,00979	0,00940	0,00883	0,00852	0,00833	0,00965	0,00869	0,01037	0,01082	0,01144	0,01144	0,01104	0,01051	0,00929	0,00820	0,00726	0,00546	0,00411	0,00267	0,00257	0,00234	0,00255	0,00231	0,00226	0,00201	0,00189	0,00162	0,00158	0,00144	0,00131	0,00147	0,00143	0,00143	0,00164	0,00129	0,00142	0,00115	0,00131	0,00121	0,00137	0,00138	0,00126
0,00668	0,00712	0,00638	0,00732	0,00861	0,00940	0,00982	0,00995	0,00984	0,00997	0,00935	0,00907	0,00884	0,01040	0,01243	0,01162	0,01317	0,01302	0,01242	0,01178	0,01128	0,01074	0,00978	0,00898	0,00743	0,00572	0,00435	0,00369	0,00280	0,00274	0,00249	0,00236	0,00217	0,00208	0,00175	0,00173	0,00168	0,00161	0,00140	0,00140	0,00171	0,00165	0,00130	0,00139	0,00146	0,00136	0,00112	0,00154	0,00123	0,00131	0,00138
0,00713	0,00739	0,00741	0,00787	0,00871	0,00935	0,00948	0,00934	0,00924	0,00876	0,00910	0,00926	0,01025	0,01229	0,01426	0,01462	0,01497	0,01399	0,01301	0,01132	0,01102	0,01043	0,00993	0,00866	0,00758	0,00585	0,00459	0,00382	0,00290	0,00277	0,00251	0,00284	0,00269	0,00225	0,00209	0,00184	0,00205	0,00161	0,00159	0,00153	0,00143	0,00154	0,00153	0,00121	0,00144	0,00120	0,00144	0,00127	0,00157	0,00132	0,00118
0,00701	0,00768	0,00763	0,00827	0,00853	0,00839	0,00798	0,00768	0,00753	0,00792	0,00829	0,00936	0,01089	0,01326	0,01462	0,01555	0,01552	0,01382	0,01194	0,01078	0,01056	0,01006	0,00931	0,00832	0,00708	0,00578	0,00470	0,00371	0,00336	0,00262	0,00262	0,00262	0,00263	0,00225	0,00225	0,00223	0,00211	0,00159	0,00161	0,00153	0,00154	0,00167	0,00136	0,00139	0,00145	0,00142	0,00130	0,00117	0,00133	0,00111	0,00126
0,00660	0,00694	0,00785	0,00801	0,00770	0,00713	0,00684	0,00610	0,00665	0,00646	0,00822	0,00963	0,01111	0,01289	0,01375	0,01490	0,01408	0,01308	0,01043	0,00901	0,00893	0,00848	0,00877	0,00781	0,00702	0,00588	0,00481	0,00397	0,00305	0,00272	0,00244	0,00247	0,00271	0,00238	0,00254	0,00196	0,00222	0,00173	0,00160	0,00141	0,00140	0,00161	0,00135	0,00137	0,00131	0,00122	0,00125	0,00115	0,00128	0,00141	0,00160
0,00590	0,00667	0,00753	0,00744	0,00645	0,00576	0,00533	0,00508	0,00513	0,00576	0,00760	0,00976	0,01090	0,01181	0,01173	0,01335	0,01192	0,01070	0,00868	0,00766	0,00755	0,00752	0,00757	0,00684	0,00625	0,00544	0,00458	0,00389	0,00350	0,00281	0,00287	0,00248	0,00281	0,00268	0,00253	0,00223	0,00213	0,00177	0,00152	0,00132	0,00155	0,00135	0,00126	0,00128	0,00130	0,00138	0,00146	0,00120	0,00165	0,00137	0,00120
0,00520	0,00551	0,00702	0,00648	0,00553	0,00422	0,00374	0,00385	0,00425	0,00530	0,00711	0,00920	0,01021	0,01028	0,00952	0,01045	0,00953	0,00892	0,00761	0,00673	0,00650	0,00650	0,00651	0,00642	0,00607	0,00519	0,00488	0,00376	0,00337	0,00317	0,00245	0,00272	0,00271	0,00252	0,00230	0,00209	0,00196	0,00161	0,00162	0,00134	0,00136	0,00133	0,00160	0,00135	0,00131	0,00128	0,00132	0,00145	0,00161	0,00129	0,00119
0,00426	0,00442	0,00634	0,00545	0,00400	0,00344	0,00302	0,00326	0,00372	0,00514	0,00732	0,00893	0,00943	0,00890	0,00815	0,00879	0,00799	0,00805	0,00719	0,00660	0,00622	0,00593	0,00552	0,00579	0,00536	0,00524	0,00459	0,00379	0,00332	0,00289	0,00257	0,00269	0,00252	0,00258	0,00237	0,00202	0,00211	0,00193	0,00154	0,00153	0,00128	0,00135	0,00143	0,00130	0,00163	0,00123	0,00169	0,00130	0,00134	0,00126	0,00132
0,00352	0,00342	0,00510	0,00430	0,00288	0,00246	0,00263	0,00357	0,00368	0,00535	0,00700	0,00849	0,00886	0,00836	0,00762	0,00740	0,00739	0,00757	0,00767	0,00724	0,00660	0,00610	0,00547	0,00536	0,00511	0,00521	0,00502	0,00399	0,00337	0,00301	0,00263	0,00277	0,00251	0,00270	0,00257	0,00250	0,00194	0,00169	0,00155	0,00161	0,00153	0,00131	0,00137	0,00134	0,00130	0,00138	0,00125	0,00133	0,00115	0,00120	0,00153
0,00264	0,00267	0,00420	0,00327	0,00278	0,00231	0,00267	0,00333	0,00428	0,00570	0,00712	0,00845	0,00878	0,00816	0,00763	0,00776	0,00746	0,00789	0,00827	0,00771	0,00713	0,00643	0,00585	0,00512	0,00535	0,00497	0,00459	0,00384	0,00376	0,00291	0,00295	0,00280	0,00246	0,00292	0,00238	0,00223	0,00204	0,00168	0,00158	0,00145	0,00133	0,00141	0,00129	0,00151	0,00134	0,00153	0,00134	0,00142	0,00124	0,00143	0,00123
0,00207	0,00225	0,00335	0,00275	0,00231	0,00262	0,00284	0,00383	0,00451	0,00610	0,00719	0,00832	0,00853	0,00840	0,00811	0,00799	0,00824	0,00851	0,00856	0,00808	0,00763	0,00690	0,00564	0,00531	0,00482	0,00525	0,00478	0,00397	0,00343	0,00302	0,00283	0,00262	0,00253	0,00255	0,00242	0,00216	0,00202	0,00190	0,00169	0,00142	0,00160	0,00147	0,00133	0,00177	0,00135	0,00129	0,00142	0,00166	0,00140	0,00118	0,00137
0,00178	0,00199	0,00228	0,00239	0,00215	0,00265	0,00346	0,00379	0,00475	0,00634	0,00748	0,00863	0,00856	0,00856	0,00851	0,00853	0,00862	0,00901	0,00858	0,00782	0,00769	0,00669	0,00576	0,00509	0,00490	0,00474	0,00468	0,00398	0,00363	0,00300	0,00322	0,00264	0,00260	0,00295	0,00264	0,00216	0,00209	0,00164	0,00147	0,00149	0,00157	0,00164	0,00145	0,00153	0,00135	0,00136	0,00144	0,00128	0,00154	0,00129	0,00103
0,00171	0,00168	0,00193	0,00196	0,00255	0,00300	0,00351	0,00398	0,00484	0,00586	0,00726	0,00796	0,00820	0,00833	0,00863	0,00870	0,00901	0,00900	0,00797	0,00729	0,00745	0,00661	0,00547	0,00499	0,00471	0,00475	0,00434	0,00392	0,00338	0,00331	0,00277	0,00272	0,00273	0,00280	0,00232	0,00254	0,00188	0,00171	0,00155	0,00148	0,00135	0,00166	0,00145	0,00139	0,00122	0,00132	0,00160	0,00162	0,00163	0,00120	0,00124
0,00180	0,00168	0,00209	0,00231	0,00258	0,00315	0,00371	0,00408	0,00448	0,00583	0,00667	0,00745	0,00777	0,00765	0,00796	0,00827	0,00813	0,00805	0,00719	0,00662	0,00654	0,00573	0,00531	0,00459	0,00473	0,00463	0,00397	0,00375	0,00354	0,00296	0,00282	0,00278	0,00296	0,00258	0,00248	0,00253	0,00226	0,00175	0,00157	0,00141	0,00146	0,00154	0,00134	0,00152	0,00135	0,00141	0,00169	0,00149	0,00150	0,00128	0,00115
0,00171	0,00174	0,00188	0,00247	0,00275	0,00307	0,00360	0,00368	0,00419	0,00492	0,00568	0,00684	0,00644	0,00654	0,00684	0,00742	0,00754	0,00727	0,00614	0,00520	0,00549	0,00538	0,00475	0,00434	0,00419	0,00393	0,00368	0,00346	0,00327	0,00311	0,00290	0,00273	0,00292	0,00246	0,00249	0,00217	0,00201	0,00183	0,00190	0,00172	0,00145	0,00137	0,00135	0,00135	0,00160	0,00140	0,00149	0,00148	0,00144	0,00148	0,00121
0,00182	0,00193	0,00184	0,00269	0,00295	0,00334	0,00338	0,00365	0,00404	0,00417	0,00478	0,00507	0,00500	0,00530	0,00577	0,00623	0,00610	0,00583	0,00501	0,00437	0,00457	0,00418	0,00436	0,00398	0,00357	0,00365	0,00346	0,00332	0,00321	0,00304	0,00289	0,00277	0,00259	0,00256	0,00258	0,00217	0,00193	0,00192	0,00168	0,00175	0,00141	0,00166	0,00159	0,00143	0,00125	0,00128	0,00173	0,00153	0,00119	0,00157	0,00130
0,00173	0,00214	0,00214	0,00262	0,00343	0,00344	0,00325	0,00334	0,00330	0,00349	0,00369	0,00414	0,00364	0,00382	0,00466	0,00478	0,00513	0,00457	0,00375	0,00344	0,00375	0,00355	0,00364	0,00344	0,00350	0,00318	0,00297	0,00322	0,00273	0,00269	0,00280	0,00266	0,00259	0,00241	0,00221	0,00206	0,00199	0,00182	0,00164	0,00149	0,00146	0,00191	0,00147	0,00143	0,00175	0,00159	0,00132	0,00131	0,00140	0,00154	0,00161
0,00176	0,00183	0,00226	0,00267	0,00345	0,00374	0,00332	0,00325	0,00329	0,00303	0,00311	0,00305	0,00292	0,00292	0,00338	0,00380	0,00362	0,00345	0,00324	0,00313	0,00328	0,00292	0,00309	0,00293	0,00288	0,00312	0,00290	0,00264	0,00275	0,00260	0,00278	0,00264	0,00275	0,00264	0,00230	0,00222	0,00189	0,00197	0,00172	0,00157	0,00149	0,00164	0,00159	0,00153	0,00172	0,00136	0,00149	0,00142	0,00139	0,00131	0,00172
0,00208	0,00188	0,00229	0,00294	0,00352	0,00364	0,00373	0,00332	0,00315	0,00286	0,00257	0,00241	0,00229	0,00231	0,00227	0,00245	0,00276	0,00263	0,00227	0,00219	0,00265	0,00239	0,00257	0,00265	0,00279	0,00244	0,00273	0,00248	0,00248	0,00233	0,00255	0,00255	0,00227	0,00222	0,00213	0,00213	0,00225	0,00204	0,00172	0,00163	0,00141	0,00147	0,00148	0,00154	0,00140	0,00146	0,00129	0,00128	0,00136	0,00147	0,00128
0,00181	0,00184	0,00235	0,00313	0,00307	0,00360	0,00371	0,00318	0,00354	0,00303	0,00255	0,00213	0,00191	0,00179	0,00176	0,00190	0,00226	0,00221	0,00234	0,00187	0,00229	0,00218	0,00239	0,00264	0,00227	0,00221	0,00221	0,00252	0,00218	0,00244	0,00245	0,00218	0,00245	0,00244	0,00196	0,00230	0,00180	0,00211	0,00156	0,00172	0,00184	0,00154	0,00175	0,00148	0,00137	0,00151	0,00157	0,00137	0,00145	0,00134	0,00140
0,00164	0,00178	0,00215	0,00310	0,00315	0,00326	0,00304	0,00331	0,00314	0,00294	0,00294	0,00248	0,00211	0,00211	0,00185	0,00156	0,00156	0,00154	0,00192	0,00147	0,00210	0,00189	0,00208	0,00260	0,00216	0,00212	0,00215	0,00208	0,00213	0,00242	0,00208	0,00198	0,00228	0,00209	0,00208	0,00191	0,00197	0,00187	0,00162	0,00159	0,00170	0,00145	0,00185	0,00136	0,00147	0,00152	0,00133	0,00126	0,00158	0,00135	0,00140
0,00176	0,00221	0,00210	0,00288	0,00273	0,00306	0,00318	0,00325	0,00336	0,00295	0,00296	0,00238	0,00212	0,00191	0,00139	0,00156	0,00135	0,00151	0,00133	0,00153	0,00166	0,00190	0,00182	0,00213	0,00181	0,00171	0,00214	0,00194	0,00200	0,00210	0,00198	0,00194	0,00207	0,00235	0,00192	0,00178	0,00180	0,00168	0,00194	0,00162	0,00163	0,00173	0,00160	0,00179	0,00139	0,00133	0,00134	0,00133	0,00134	0,00163	0,00118
0,00200	0,00224	0,00213	0,00244	0,00290	0,00272	0,00305	0,00312	0,00320	0,00304	0,00303	0,00282	0,00259	0,00218	0,00170	0,00161	0,00160	0,00161	0,00120	0,00138	0,00144	0,00139	0,00200	0,00179	0,00194	0,00198	0,00208	0,00219	0,00192	0,00181	0,00195	0,00219	0,00219	0,00205	0,00219	0,00190	0,00218	0,00175	0,00206	0,00181	0,00161	0,00148	0,00138	0,00169	0,00146	0,00132	0,00149	0,00148	0,00134	0,00123	0,00115
0,00186	0,00192	0,00210	0,00263	0,00263	0,00273	0,00299	0,00297	0,00318	0,00306	0,00290	0,00307	0,00251	0,00223	0,00179	0,00156	0,00136	0,00136	0,00127	0,00139	0,00172	0,00149	0,00161	0,00163	0,00181	0,00199	0,00168	0,00179	0,00190	0,00208	0,00201	0,00211	0,00198	0,00184	0,00170	0,00175	0,00177	0,00182	0,00198	0,00151	0,00175	0,00182	0,00166	0,00149	0,00139	0,00142	0,00150	0,00117	0,00131	0,00138	0,00133
0,00167	0,00188	0,00212	0,00208	0,00247	0,00261	0,00302	0,00300	0,00328	0,00315	0,00314	0,00309	0,00251	0,00250	0,00183	0,00163	0,00159	0,00142	0,00164	0,00137	0,00128	0,00137	0,00174	0,00157	0,00187	0,00207	0,00167	0,00177	0,00172	0,00183	0,00202	0,00179	0,00178	0,00174	0,00200	0,00173	0,00179	0,00170	0,00169	0,00155	0,00166	0,00152	0,00174	0,00141	0,00155	0,00134	0,00143	0,00150	0,00131	0,00127	0,00116
