22,10000	22,26000	22,42000	22,58000	22,74000	22,90000	23,06000	23,22000	23,38000	23,54000	23,70000	23,86000	24,02000	24,18000	24,34000	24,50000	24,66000	24,82000	24,98000	25,14000	25,30000	25,46000	25,62000	25,78000	25,94000	26,10000	26,26000	26,42000	26,58000	26,74000	26,90000	27,06000	27,22000	27,38000	27,54000	27,70000	27,86000	28,02000	28,18000	28,34000	28,50000	28,66000	28,82000	28,98000	29,14000	29,30000	29,46000	29,62000	29,78000	29,94000	30,10000
25,20000	25,36000	25,52000	25,68000	25,84000	26,00000	26,16000	26,32000	26,48000	26,64000	26,80000	26,96000	27,12000	27,28000	27,44000	27,60000	27,76000	27,92000	28,08000	28,24000	28,40000	28,56000	28,72000	28,88000	29,04000	29,20000	29,36000	29,52000	29,68000	29,84000	30,00000	30,16000	30,32000	30,48000	30,64000	30,80000	30,96000	31,12000	31,28000	31,44000	31,60000	31,76000	31,92000	32,08000	32,24000	32,40000	32,56000	32,72000	32,88000	33,04000	33,20000
0,00125	0,00144	0,00126	0,00131	0,00126	0,00122	0,00123	0,00146	0,00121	0,00138	0,00122	0,00117	0,00116	0,00136	0,00137	0,00136	0,00139	0,00166	0,00128	0,00147	0,00138	0,00139	0,00170	0,00142	0,00161	0,00174	0,00135	0,00143	0,00129	0,00156	0,00129	0,00165	0,00126	0,00128	0,00114	0,00129	0,00116	0,00143	0,00107	0,00126	0,00143	0,00124	0,00147	0,00134	0,00114	0,00116	0,00133	0,00124	0,00122	0,00121	0,00150
0,00114	0,00118	0,00127	0,00123	0,00123	0,00137	0,00142	0,00121	0,00130	0,00125	0,00121	0,00133	0,00118	0,00122	0,00128	0,00132	0,00152	0,00130	0,00159	0,00134	0,00142	0,00129	0,00170	0,00175	0,00153	0,00131	0,00146	0,00147	0,00133	0,00163	0,00132	0,00138	0,00124	0,00126	0,00136	0,00153	0,00154	0,00148	0,00120	0,00121	0,00147	0,00125	0,00138	0,00108	0,00103	0,00130	0,00135	0,00147	0,00117	0,00125	0,00114
0,00140	0,00114	0,00123	0,00149	0,00117	0,00115	0,00150	0,00132	0,00123	0,00155	0,00151	0,00148	0,00135	0,00128	0,00126	0,00121	0,00154	0,00113	0,00123	0,00164	0,00165	0,00131	0,00133	0,00146	0,00146	0,00141	0,00172	0,00149	0,00136	0,00145	0,00165	0,00172	0,00151	0,00159	0,00150	0,00177	0,00172	0,00139	0,00155	0,00159	0,00126	0,00127	0,00113	0,00140	0,00111	0,00118	0,00115	0,00128	0,00110	0,00132	0,00110
0,00114	0,00128	0,00123	0,00134	0,00127	0,00127	0,00131	0,00134	0,00139	0,00117	0,00123	0,00148	0,00143	0,00109	0,00120	0,00117	0,00107	0,00107	0,00126	0,00117	0,00128	0,00148	0,00131	0,00129	0,00138	0,00147	0,00144	0,00142	0,00139	0,00167	0,00175	0,00178	0,00182	0,00184	0,00172	0,00176	0,00191	0,00142	0,00146	0,00162	0,00128	0,00119	0,00116	0,00121	0,00112	0,00127	0,00148	0,00146	0,00148	0,00113	0,00135
0,00124	0,00149	0,00126	0,00142	0,00122	0,00124	0,00163	0,00125	0,00138	0,00128	0,00152	0,00133	0,00119	0,00134	0,00120	0,00112	0,00142	0,00115	0,00129	0,00120	0,00127	0,00151	0,00132	0,00134	0,00158	0,00146	0,00170	0,00161	0,00150	0,00143	0,00141	0,00139	0,00146	0,00143	0,00153	0,00146	0,00150	0,00140	0,00153	0,00166	0,00139	0,00116	0,00113	0,00136	0,00123	0,00141	0,00114	0,00121	0,00115	0,00138	0,00120
0,00116	0,00138	0,00133	0,00125	0,00110	0,00140	0,00113	0,00116	0,00124	0,00121	0,00125	0,00118	0,00135	0,00146	0,00118	0,00150	0,00128	0,00118	0,00128	0,00134	0,00159	0,00130	0,00121	0,00120	0,00131	0,00116	0,00124	0,00134	0,00161	0,00138	0,00139	0,00130	0,00135	0,00166	0,00156	0,00158	0,00178	0,00183	0,00167	0,00141	0,00134	0,00148	0,00137	0,00122	0,00166	0,00119	0,00109	0,00134	0,00144	0,00122	0,00120
0,00124	0,00149	0,00141	0,00139	0,00120	0,00127	0,00110	0,00160	0,00155	0,00135	0,00125	0,00126	0,00137	0,00151	0,00166	0,00138	0,00138	0,00131	0,00158	0,00134	0,00171	0,00164	0,00136	0,00123	0,00162	0,00127	0,00137	0,00137	0,00160	0,00116	0,00142	0,00142	0,00132	0,00134	0,00123	0,00151	0,00155	0,00155	0,00163	0,00154	0,00156	0,00165	0,00159	0,00153	0,00119	0,00128	0,00121	0,00123	0,00154	0,00125	0,00116
0,00118	0,00160	0,00146	0,00121	0,00121	0,00126	0,00123	0,00128	0,00115	0,00136	0,00162	0,00155	0,00153	0,00143	0,00146	0,00177	0,00191	0,00155	0,00156	0,00142	0,00136	0,00163	0,00155	0,00142	0,00141	0,00161	0,00131	0,00126	0,00139	0,00123	0,00137	0,00125	0,00139	0,00141	0,00145	0,00152	0,00176	0,00150	0,00149	0,00149	0,00151	0,00169	0,00124	0,00126	0,00136	0,00120	0,00121	0,00118	0,00128	0,00123	0,00118
0,00132	0,00120	0,00146	0,00136	0,00136	0,00128	0,00138	0,00139	0,00133	0,00134	0,00133	0,00146	0,00139	0,00149	0,00147	0,00146	0,00155	0,00139	0,00141	0,00153	0,00139	0,00190	0,00156	0,00164	0,00155	0,00192	0,00158	0,00141	0,00149	0,00152	0,00122	0,00133	0,00162	0,00129	0,00153	0,00131	0,00161	0,00136	0,00139	0,00147	0,00189	0,00171	0,00135	0,00137	0,00124	0,00128	0,00134	0,00147	0,00119	0,00130	0,00120
0,00136	0,00103	0,00131	0,00126	0,00136	0,00145	0,00126	0,00146	0,00150	0,00141	0,00161	0,00168	0,00137	0,00149	0,00135	0,00148	0,00151	0,00146	0,00162	0,00150	0,00173	0,00157	0,00149	0,00171	0,00193	0,00198	0,00164	0,00159	0,00148	0,00163	0,00126	0,00140	0,00147	0,00127	0,00140	0,00127	0,00167	0,00154	0,00134	0,00134	0,00134	0,00140	0,00128	0,00106	0,00119	0,00149	0,00137	0,00141	0,00139	0,00111	0,00113
0,00123	0,00127	0,00127	0,00133	0,00151	0,00140	0,00151	0,00170	0,00142	0,00138	0,00146	0,00151	0,00161	0,00142	0,00172	0,00169	0,00138	0,00163	0,00142	0,00165	0,00140	0,00153	0,00158	0,00160	0,00153	0,00173	0,00196	0,00157	0,00157	0,00166	0,00176	0,00169	0,00146	0,00167	0,00154	0,00152	0,00131	0,00126	0,00135	0,00131	0,00141	0,00134	0,00118	0,00156	0,00151	0,00154	0,00124	0,00134	0,00137	0,00125	0,00133
0,00128	0,00149	0,00130	0,00132	0,00125	0,00127	0,00167	0,00164	0,00179	0,00160	0,00183	0,00152	0,00180	0,00162	0,00161	0,00142	0,00171	0,00156	0,00132	0,00158	0,00152	0,00145	0,00152	0,00182	0,00189	0,00164	0,00180	0,00177	0,00188	0,00146	0,00173	0,00128	0,00144	0,00123	0,00119	0,00136	0,00157	0,00147	0,00129	0,00128	0,00153	0,00149	0,00123	0,00155	0,00127	0,00157	0,00152	0,00133	0,00161	0,00113	0,00112
0,00119	0,00128	0,00123	0,00133	0,00139	0,00168	0,00136	0,00161	0,00168	0,00169	0,00160	0,00161	0,00148	0,00165	0,00147	0,00188	0,00154	0,00163	0,00139	0,00151	0,00169	0,00146	0,00184	0,00162	0,00178	0,00175	0,00172	0,00146	0,00157	0,00153	0,00159	0,00121	0,00149	0,00115	0,00132	0,00113	0,00168	0,00150	0,00138	0,00132	0,00128	0,00158	0,00141	0,00121	0,00131	0,00132	0,00124	0,00153	0,00123	0,00128	0,00132
0,00143	0,00123	0,00135	0,00135	0,00179	0,00155	0,00176	0,00171	0,00173	0,00205	0,00165	0,00168	0,00169	0,00160	0,00173	0,00197	0,00164	0,00183	0,00153	0,00147	0,00171	0,00202	0,00208	0,00178	0,00167	0,00168	0,00162	0,00151	0,00165	0,00142	0,00146	0,00121	0,00148	0,00130	0,00120	0,00149	0,00140	0,00134	0,00133	0,00134	0,00151	0,00130	0,00134	0,00120	0,00140	0,00127	0,00154	0,00115	0,00113	0,00129	0,00133
0,00139	0,00122	0,00135	0,00139	0,00169	0,00186	0,00185	0,00179	0,00201	0,00190	0,00185	0,00184	0,00228	0,00212	0,00184	0,00184	0,00169	0,00191	0,00171	0,00180	0,00166	0,00193	0,00198	0,00187	0,00190	0,00196	0,00181	0,00168	0,00157	0,00142	0,00136	0,00163	0,00140	0,00144	0,00170	0,00163	0,00128	0,00130	0,00113	0,00151	0,00142	0,00129	0,00123	0,00154	0,00155	0,00140	0,00132	0,00130	0,00111	0,00125	0,00161
0,00135	0,00168	0,00170	0,00154	0,00190	0,00168	0,00186	0,00214	0,00214	0,00235	0,00207	0,00248	0,00220	0,00210	0,00206	0,00215	0,00219	0,00197	0,00197	0,00213	0,00184	0,00190	0,00208	0,00237	0,00214	0,00251	0,00210	0,00197	0,00201	0,00183	0,00191	0,00212	0,00169	0,00186	0,00182	0,00138	0,00140	0,00141	0,00131	0,00161	0,00130	0,00135	0,00166	0,00149	0,00122	0,00127	0,00159	0,00141	0,00131	0,00124	0,00115
0,00130	0,00147	0,00153	0,00167	0,00203	0,00187	0,00218	0,00242	0,00221	0,00248	0,00243	0,00251	0,00254	0,00239	0,00227	0,00199	0,00219	0,00197	0,00183	0,00182	0,00196	0,00189	0,00213	0,00232	0,00227	0,00232	0,00236	0,00216	0,00225	0,00207	0,00253	0,00230	0,00213	0,00237	0,00222	0,00216	0,00197	0,00161	0,00137	0,00123	0,00160	0,00143	0,00141	0,00121	0,00119	0,00150	0,00121	0,00140	0,00122	0,00116	0,00122
0,00132	0,00153	0,00187	0,00169	0,00202	0,00221	0,00216	0,00249	0,00257	0,00307	0,00284	0,00295	0,00299	0,00294	0,00252	0,00263	0,00214	0,00230	0,00227	0,00203	0,00188	0,00194	0,00208	0,00229	0,00222	0,00228	0,00247	0,00272	0,00276	0,00275	0,00266	0,00318	0,00297	0,00307	0,00264	0,00257	0,00218	0,00175	0,00145	0,00142	0,00157	0,00132	0,00136	0,00121	0,00126	0,00162	0,00125	0,00115	0,00149	0,00158	0,00129
0,00141	0,00179	0,00209	0,00214	0,00202	0,00209	0,00226	0,00262	0,00320	0,00337	0,00311	0,00321	0,00316	0,00316	0,00286	0,00283	0,00268	0,00311	0,00294	0,00246	0,00205	0,00193	0,00178	0,00176	0,00222	0,00222	0,00252	0,00291	0,00320	0,00332	0,00363	0,00392	0,00369	0,00430	0,00362	0,00308	0,00231	0,00225	0,00167	0,00159	0,00167	0,00152	0,00157	0,00156	0,00135	0,00114	0,00136	0,00129	0,00144	0,00132	0,00139
0,00167	0,00166	0,00207	0,00208	0,00225	0,00228	0,00262	0,00286	0,00325	0,00353	0,00389	0,00377	0,00400	0,00359	0,00338	0,00368	0,00348	0,00364	0,00368	0,00332	0,00287	0,00238	0,00220	0,00167	0,00206	0,00220	0,00302	0,00346	0,00361	0,00401	0,00412	0,00504	0,00470	0,00481	0,00458	0,00364	0,00287	0,00235	0,00199	0,00169	0,00169	0,00148	0,00166	0,00153	0,00157	0,00130	0,00137	0,00130	0,00125	0,00138	0,00139
0,00177	0,00188	0,00205	0,00219	0,00249	0,00255	0,00299	0,00356	0,00403	0,00410	0,00431	0,00424	0,00449	0,00439	0,00426	0,00418	0,00454	0,00466	0,00488	0,00449	0,00359	0,00287	0,00233	0,00206	0,00235	0,00244	0,00300	0,00348	0,00410	0,00494	0,00501	0,00608	0,00563	0,00594	0,00545	0,00476	0,00340	0,00289	0,00211	0,00218	0,00182	0,00162	0,00200	0,00161	0,00144	0,00161	0,00121	0,00129	0,00140	0,00143	0,00142
0,00163	0,00188	0,00235	0,00238	0,00278	0,00275	0,00308	0,00375	0,00444	0,00458	0,00507	0,00499	0,00494	0,00504	0,00512	0,00564	0,00567	0,00598	0,00604	0,00607	0,00487	0,00420	0,00345	0,00277	0,00271	0,00330	0,00390	0,00459	0,00533	0,00586	0,00630	0,00689	0,00689	0,00709	0,00614	0,00549	0,00428	0,00352	0,00229	0,00219	0,00168	0,00171	0,00176	0,00155	0,00175	0,00171	0,00139	0,00132	0,00128	0,00155	0,00125
0,00180	0,00205	0,00224	0,00272	0,00260	0,00275	0,00336	0,00433	0,00478	0,00534	0,00526	0,00573	0,00574	0,00588	0,00614	0,00645	0,00701	0,00724	0,00726	0,00711	0,00625	0,00528	0,00426	0,00365	0,00324	0,00412	0,00484	0,00548	0,00651	0,00713	0,00730	0,00845	0,00778	0,00774	0,00707	0,00649	0,00505	0,00387	0,00308	0,00242	0,00204	0,00224	0,00201	0,00177	0,00164	0,00186	0,00148	0,00138	0,00146	0,00124	0,00124
0,00206	0,00203	0,00229	0,00282	0,00313	0,00303	0,00380	0,00457	0,00500	0,00575	0,00600	0,00634	0,00622	0,00673	0,00702	0,00745	0,00792	0,00844	0,00838	0,00814	0,00740	0,00621	0,00494	0,00430	0,00425	0,00524	0,00586	0,00662	0,00845	0,00835	0,00851	0,00898	0,00864	0,00831	0,00765	0,00684	0,00582	0,00439	0,00322	0,00279	0,00206	0,00229	0,00232	0,00193	0,00179	0,00164	0,00151	0,00141	0,00144	0,00134	0,00125
0,00194	0,00216	0,00244	0,00287	0,00299	0,00335	0,00392	0,00485	0,00558	0,00602	0,00633	0,00683	0,00695	0,00734	0,00764	0,00795	0,00861	0,00859	0,00870	0,00855	0,00798	0,00720	0,00566	0,00536	0,00548	0,00686	0,00739	0,00836	0,00955	0,00965	0,00967	0,00975	0,00967	0,00878	0,00814	0,00751	0,00604	0,00470	0,00368	0,00308	0,00249	0,00238	0,00231	0,00191	0,00181	0,00174	0,00175	0,00149	0,00141	0,00144	0,00126
0,00192	0,00228	0,00284	0,00306	0,00339	0,00345	0,00404	0,00498	0,00568	0,00622	0,00665	0,00691	0,00754	0,00793	0,00799	0,00858	0,00820	0,00835	0,00838	0,00859	0,00826	0,00771	0,00679	0,00667	0,00699	0,00928	0,00929	0,00990	0,01100	0,01097	0,01057	0,01001	0,00945	0,00903	0,00791	0,00764	0,00635	0,00509	0,00377	0,00318	0,00240	0,00229	0,00222	0,00212	0,00211	0,00214	0,00158	0,00159	0,00173	0,00163	0,00131
0,00211	0,00224	0,00252	0,00281	0,00331	0,00359	0,00423	0,00482	0,00585	0,00645	0,00641	0,00699	0,00727	0,00755	0,00774	0,00815	0,00795	0,00751	0,00785	0,00814	0,00818	0,00827	0,00778	0,00874	0,00946	0,01134	0,01140	0,01157	0,01218	0,01166	0,01088	0,00989	0,00915	0,00823	0,00778	0,00722	0,00655	0,00524	0,00406	0,00339	0,00272	0,00235	0,00235	0,00202	0,00205	0,00187	0,00179	0,00187	0,00141	0,00178	0,00123
0,00220	0,00260	0,00248	0,00294	0,00327	0,00363	0,00415	0,00527	0,00563	0,00586	0,00651	0,00677	0,00700	0,00720	0,00706	0,00688	0,00663	0,00654	0,00660	0,00723	0,00809	0,00857	0,00900	0,01042	0,01202	0,01343	0,01345	0,01296	0,01286	0,01223	0,01066	0,00920	0,00845	0,00757	0,00726	0,00706	0,00636	0,00539	0,00420	0,00362	0,00299	0,00256	0,00216	0,00213	0,00215	0,00209	0,00193	0,00152	0,00165	0,00149	0,00143
0,00201	0,00226	0,00258	0,00282	0,00318	0,00350	0,00422	0,00474	0,00491	0,00558	0,00585	0,00610	0,00620	0,00607	0,00622	0,00575	0,00580	0,00530	0,00561	0,00688	0,00808	0,00910	0,01013	0,01194	0,01375	0,01500	0,01446	0,01369	0,01249	0,01155	0,00999	0,00832	0,00749	0,00661	0,00663	0,00590	0,00624	0,00531	0,00451	0,00369	0,00297	0,00253	0,00233	0,00227	0,00214	0,00222	0,00221	0,00174	0,00172	0,00141	0,00138
0,00197	0,00253	0,00270	0,00287	0,00306	0,00360	0,00414	0,00433	0,00445	0,00474	0,00527	0,00534	0,00535	0,00513	0,00505	0,00459	0,00457	0,00431	0,00480	0,00626	0,00803	0,00974	0,01065	0,01227	0,01396	0,01421	0,01402	0,01344	0,01162	0,01021	0,00906	0,00728	0,00669	0,00596	0,00602	0,00563	0,00560	0,00496	0,00424	0,00356	0,00297	0,00241	0,00258	0,00222	0,00229	0,00207	0,00201	0,00189	0,00159	0,00168	0,00133
0,00190	0,00215	0,00247	0,00267	0,00298	0,00344	0,00398	0,00401	0,00407	0,00404	0,00457	0,00448	0,00430	0,00404	0,00399	0,00343	0,00330	0,00353	0,00492	0,00603	0,00747	0,00940	0,01048	0,01133	0,01237	0,01232	0,01237	0,01198	0,01007	0,00925	0,00807	0,00660	0,00599	0,00553	0,00538	0,00522	0,00528	0,00480	0,00412	0,00389	0,00309	0,00258	0,00247	0,00230	0,00217	0,00213	0,00195	0,00162	0,00193	0,00139	0,00136
0,00191	0,00220	0,00251	0,00272	0,00281	0,00343	0,00358	0,00338	0,00343	0,00344	0,00402	0,00366	0,00363	0,00346	0,00301	0,00280	0,00268	0,00360	0,00451	0,00582	0,00760	0,00876	0,00973	0,01008	0,01025	0,00985	0,01034	0,01040	0,00892	0,00855	0,00744	0,00670	0,00609	0,00538	0,00531	0,00500	0,00518	0,00462	0,00412	0,00369	0,00305	0,00269	0,00248	0,00234	0,00236	0,00211	0,00203	0,00188	0,00183	0,00143	0,00140
0,00200	0,00229	0,00221	0,00270	0,00286	0,00330	0,00336	0,00294	0,00269	0,00295	0,00284	0,00277	0,00268	0,00255	0,00251	0,00234	0,00260	0,00327	0,00466	0,00585	0,00752	0,00833	0,00881	0,00880	0,00842	0,00824	0,00873	0,00888	0,00820	0,00799	0,00741	0,00671	0,00607	0,00586	0,00554	0,00494	0,00491	0,00487	0,00436	0,00385	0,00315	0,00301	0,00242	0,00232	0,00247	0,00219	0,00214	0,00179	0,00164	0,00151	0,00133
0,00211	0,00235	0,00242	0,00263	0,00276	0,00270	0,00298	0,00258	0,00224	0,00239	0,00231	0,00217	0,00246	0,00196	0,00194	0,00217	0,00272	0,00347	0,00499	0,00646	0,00720	0,00826	0,00835	0,00776	0,00747	0,00752	0,00794	0,00826	0,00849	0,00821	0,00803	0,00717	0,00649	0,00591	0,00507	0,00496	0,00473	0,00446	0,00459	0,00362	0,00320	0,00302	0,00251	0,00236	0,00257	0,00245	0,00218	0,00214	0,00156	0,00169	0,00134
0,00175	0,00184	0,00215	0,00227	0,00224	0,00256	0,00254	0,00226	0,00194	0,00208	0,00180	0,00189	0,00211	0,00204	0,00211	0,00234	0,00281	0,00382	0,00506	0,00648	0,00748	0,00809	0,00784	0,00744	0,00727	0,00745	0,00788	0,00836	0,00877	0,00901	0,00816	0,00744	0,00665	0,00590	0,00522	0,00509	0,00491	0,00437	0,00417	0,00378	0,00339	0,00293	0,00259	0,00250	0,00233	0,00217	0,00237	0,00183	0,00162	0,00150	0,00165
0,00186	0,00189	0,00201	0,00212	0,00252	0,00238	0,00255	0,00215	0,00161	0,00179	0,00163	0,00188	0,00171	0,00227	0,00208	0,00259	0,00300	0,00412	0,00530	0,00675	0,00765	0,00787	0,00785	0,00773	0,00781	0,00779	0,00820	0,00868	0,00922	0,00880	0,00838	0,00773	0,00703	0,00585	0,00493	0,00453	0,00452	0,00470	0,00409	0,00391	0,00337	0,00286	0,00272	0,00276	0,00221	0,00218	0,00213	0,00211	0,00178	0,00137	0,00144
0,00194	0,00166	0,00206	0,00211	0,00190	0,00232	0,00200	0,00174	0,00176	0,00158	0,00173	0,00182	0,00191	0,00193	0,00226	0,00245	0,00344	0,00434	0,00523	0,00652	0,00749	0,00802	0,00792	0,00789	0,00791	0,00842	0,00853	0,00894	0,00926	0,00875	0,00826	0,00716	0,00650	0,00554	0,00458	0,00441	0,00440	0,00424	0,00386	0,00368	0,00325	0,00314	0,00265	0,00282	0,00241	0,00227	0,00218	0,00187	0,00169	0,00149	0,00138
0,00175	0,00184	0,00181	0,00206	0,00210	0,00197	0,00184	0,00146	0,00164	0,00156	0,00148	0,00171	0,00213	0,00234	0,00233	0,00275	0,00355	0,00400	0,00495	0,00641	0,00719	0,00793	0,00814	0,00828	0,00816	0,00834	0,00886	0,00886	0,00876	0,00819	0,00782	0,00698	0,00601	0,00498	0,00429	0,00391	0,00433	0,00416	0,00418	0,00374	0,00315	0,00304	0,00266	0,00251	0,00257	0,00259	0,00220	0,00193	0,00159	0,00144	0,00140
0,00184	0,00148	0,00168	0,00173	0,00177	0,00195	0,00184	0,00186	0,00147	0,00158	0,00162	0,00192	0,00207	0,00258	0,00275	0,00284	0,00347	0,00373	0,00479	0,00588	0,00654	0,00730	0,00772	0,00801	0,00808	0,00837	0,00854	0,00846	0,00762	0,00732	0,00729	0,00598	0,00514	0,00434	0,00396	0,00394	0,00390	0,00373	0,00370	0,00329	0,00335	0,00282	0,00262	0,00248	0,00246	0,00218	0,00223	0,00231	0,00169	0,00157	0,00142
0,00149	0,00140	0,00155	0,00181	0,00154	0,00173	0,00152	0,00149	0,00153	0,00151	0,00154	0,00195	0,00238	0,00273	0,00277	0,00312	0,00331	0,00361	0,00408	0,00496	0,00574	0,00615	0,00739	0,00721	0,00734	0,00730	0,00763	0,00789	0,00684	0,00607	0,00616	0,00479	0,00459	0,00368	0,00343	0,00337	0,00359	0,00345	0,00345	0,00296	0,00288	0,00263	0,00233	0,00240	0,00258	0,00247	0,00247	0,00189	0,00183	0,00177	0,00141
0,00150	0,00131	0,00141	0,00162	0,00155	0,00181	0,00143	0,00150	0,00151	0,00163	0,00173	0,00191	0,00246	0,00271	0,00295	0,00314	0,00319	0,00323	0,00351	0,00392	0,00495	0,00506	0,00615	0,00618	0,00640	0,00637	0,00656	0,00665	0,00547	0,00507	0,00472	0,00428	0,00362	0,00327	0,00317	0,00305	0,00359	0,00353	0,00302	0,00272	0,00281	0,00247	0,00269	0,00258	0,00243	0,00244	0,00231	0,00194	0,00173	0,00157	0,00148
0,00158	0,00165	0,00161	0,00174	0,00139	0,00147	0,00159	0,00145	0,00143	0,00138	0,00182	0,00229	0,00234	0,00298	0,00332	0,00307	0,00310	0,00299	0,00297	0,00323	0,00381	0,00404	0,00504	0,00498	0,00555	0,00497	0,00511	0,00531	0,00424	0,00385	0,00370	0,00330	0,00311	0,00274	0,00267	0,00259	0,00323	0,00286	0,00276	0,00232	0,00249	0,00250	0,00249	0,00234	0,00222	0,00222	0,00212	0,00188	0,00181	0,00154	0,00148
0,00136	0,00139	0,00137	0,00172	0,00149	0,00153	0,00145	0,00138	0,00151	0,00158	0,00186	0,00188	0,00230	0,00268	0,00324	0,00315	0,00309	0,00306	0,00304	0,00292	0,00323	0,00316	0,00403	0,00406	0,00384	0,00405	0,00445	0,00440	0,00357	0,00295	0,00285	0,00259	0,00277	0,00280	0,00240	0,00232	0,00278	0,00282	0,00266	0,00267	0,00221	0,00221	0,00250	0,00234	0,00243	0,00209	0,00214	0,00194	0,00175	0,00147	0,00150
0,00156	0,00153	0,00148	0,00139	0,00145	0,00159	0,00145	0,00145	0,00150	0,00156	0,00160	0,00196	0,00221	0,00250	0,00293	0,00320	0,00328	0,00287	0,00283	0,00245	0,00254	0,00245	0,00265	0,00283	0,00291	0,00301	0,00314	0,00303	0,00251	0,00236	0,00220	0,00243	0,00220	0,00213	0,00204	0,00219	0,00232	0,00258	0,00234	0,00227	0,00227	0,00229	0,00228	0,00208	0,00245	0,00204	0,00196	0,00187	0,00190	0,00148	0,00143
0,00142	0,00148	0,00121	0,00133	0,00136	0,00149	0,00149	0,00144	0,00157	0,00168	0,00178	0,00173	0,00238	0,00241	0,00283	0,00311	0,00309	0,00335	0,00278	0,00245	0,00226	0,00191	0,00212	0,00241	0,00240	0,00224	0,00251	0,00223	0,00187	0,00183	0,00183	0,00179	0,00219	0,00195	0,00181	0,00213	0,00203	0,00212	0,00219	0,00198	0,00206	0,00191	0,00228	0,00204	0,00205	0,00195	0,00233	0,00181	0,00169	0,00174	0,00143
0,00136	0,00118	0,00139	0,00163	0,00138	0,00148	0,00137	0,00138	0,00163	0,00171	0,00172	0,00182	0,00212	0,00225	0,00260	0,00288	0,00286	0,00314	0,00270	0,00280	0,00262	0,00199	0,00176	0,00176	0,00154	0,00142	0,00177	0,00169	0,00159	0,00152	0,00180	0,00159	0,00167	0,00191	0,00197	0,00179	0,00190	0,00214	0,00191	0,00201	0,00195	0,00193	0,00221	0,00201	0,00191	0,00209	0,00189	0,00182	0,00148	0,00176	0,00178
0,00122	0,00154	0,00164	0,00137	0,00152	0,00166	0,00149	0,00146	0,00144	0,00169	0,00155	0,00207	0,00196	0,00212	0,00248	0,00263	0,00307	0,00279	0,00286	0,00271	0,00249	0,00242	0,00216	0,00193	0,00181	0,00133	0,00159	0,00139	0,00165	0,00159	0,00141	0,00151	0,00181	0,00177	0,00152	0,00175	0,00176	0,00179	0,00211	0,00216	0,00182	0,00212	0,00179	0,00178	0,00191	0,00179	0,00185	0,00204	0,00165	0,00161	0,00183
0,00152	0,00139	0,00135	0,00155	0,00130	0,00138	0,00151	0,00141	0,00139	0,00176	0,00179	0,00174	0,00187	0,00233	0,00235	0,00257	0,00292	0,00281	0,00309	0,00281	0,00266	0,00233	0,00198	0,00156	0,00179	0,00146	0,00135	0,00138	0,00127	0,00126	0,00137	0,00133	0,00151	0,00145	0,00156	0,00151	0,00182	0,00166	0,00175	0,00210	0,00166	0,00211	0,00172	0,00201	0,00182	0,00175	0,00184	0,00183	0,00159	0,00178	0,00186
0,00155	0,00123	0,00116	0,00128	0,00130	0,00140	0,00119	0,00128	0,00151	0,00150	0,00159	0,00180	0,00199	0,00209	0,00230	0,00245	0,00273	0,00295	0,00299	0,00309	0,00260	0,00258	0,00235	0,00189	0,00203	0,00176	0,00158	0,00126	0,00144	0,00127	0,00143	0,00129	0,00145	0,00162	0,00154	0,00168	0,00172	0,00154	0,00170	0,00194	0,00176	0,00174	0,00207	0,00174	0,00171	0,00180	0,00171	0,00185	0,00173	0,00179	0,00181
0,00127	0,00122	0,00122	0,00149	0,00122	0,00135	0,00159	0,00152	0,00131	0,00141	0,00141	0,00165	0,00185	0,00229	0,00219	0,00261	0,00269	0,00262	0,00253	0,00302	0,00263	0,00244	0,00245	0,00220	0,00204	0,00161	0,00147	0,00132	0,00156	0,00122	0,00156	0,00150	0,00127	0,00141	0,00135	0,00157	0,00165	0,00156	0,00171	0,00167	0,00194	0,00170	0,00164	0,00161	0,00160	0,00172	0,00203	0,00164	0,00177	0,00161	0,00157
0,00121	0,00129	0,00133	0,00122	0,00156	0,00146	0,00125	0,00127	0,00135	0,00137	0,00162	0,00155	0,00194	0,00198	0,00217	0,00218	0,00250	0,00257	0,00263	0,00263	0,00256	0,00263	0,00230	0,00224	0,00193	0,00180	0,00144	0,00168	0,00134	0,00133	0,00132	0,00140	0,00168	0,00179	0,00164	0,00165	0,00157	0,00154	0,00171	0,00167	0,00194	0,00190	0,00194	0,00146	0,00194	0,00167	0,00157	0,00152	0,00167	0,00158	0,00167
