22,10000	22,26000	22,42000	22,58000	22,74000	22,90000	23,06000	23,22000	23,38000	23,54000	23,70000	23,86000	24,02000	24,18000	24,34000	24,50000	24,66000	24,82000	24,98000	25,14000	25,30000	25,46000	25,62000	25,78000	25,94000	26,10000	26,26000	26,42000	26,58000	26,74000	26,90000	27,06000	27,22000	27,38000	27,54000	27,70000	27,86000	28,02000	28,18000	28,34000	28,50000	28,66000	28,82000	28,98000	29,14000	29,30000	29,46000	29,62000	29,78000	29,94000	30,10000
25,20000	25,36000	25,52000	25,68000	25,84000	26,00000	26,16000	26,32000	26,48000	26,64000	26,80000	26,96000	27,12000	27,28000	27,44000	27,60000	27,76000	27,92000	28,08000	28,24000	28,40000	28,56000	28,72000	28,88000	29,04000	29,20000	29,36000	29,52000	29,68000	29,84000	30,00000	30,16000	30,32000	30,48000	30,64000	30,80000	30,96000	31,12000	31,28000	31,44000	31,60000	31,76000	31,92000	32,08000	32,24000	32,40000	32,56000	32,72000	32,88000	33,04000	33,20000
0,00118	0,00131	0,00124	0,00137	0,00113	0,00117	0,00122	0,00123	0,00116	0,00127	0,00111	0,00130	0,00118	0,00116	0,00149	0,00152	0,00121	0,00112	0,00124	0,00117	0,00124	0,00119	0,00152	0,00129	0,00119	0,00135	0,00132	0,00151	0,00154	0,00119	0,00130	0,00161	0,00114	0,00126	0,00135	0,00136	0,00157	0,00124	0,00146	0,00125	0,00141	0,00118	0,00129	0,00125	0,00132	0,00119	0,00120	0,00112	0,00106	0,00113	0,00149
0,00115	0,00116	0,00146	0,00119	0,00122	0,00132	0,00120	0,00124	0,00125	0,00119	0,00146	0,00125	0,00123	0,00146	0,00129	0,00134	0,00141	0,00130	0,00133	0,00118	0,00114	0,00112	0,00156	0,00122	0,00124	0,00163	0,00131	0,00121	0,00128	0,00127	0,00150	0,00115	0,00121	0,00122	0,00120	0,00138	0,00150	0,00134	0,00131	0,00129	0,00130	0,00131	0,00140	0,00154	0,00109	0,00149	0,00115	0,00133	0,00137	0,00136	0,00129
0,00130	0,00102	0,00123	0,00120	0,00137	0,00112	0,00121	0,00123	0,00144	0,00152	0,00116	0,00151	0,00134	0,00151	0,00124	0,00109	0,00129	0,00121	0,00121	0,00152	0,00122	0,00154	0,00135	0,00114	0,00115	0,00127	0,00125	0,00141	0,00113	0,00154	0,00127	0,00154	0,00122	0,00143	0,00137	0,00158	0,00121	0,00124	0,00156	0,00132	0,00149	0,00124	0,00112	0,00145	0,00115	0,00108	0,00116	0,00141	0,00118	0,00115	0,00129
0,00125	0,00122	0,00149	0,00111	0,00141	0,00125	0,00152	0,00133	0,00141	0,00111	0,00126	0,00153	0,00139	0,00149	0,00121	0,00134	0,00132	0,00132	0,00118	0,00132	0,00147	0,00123	0,00123	0,00126	0,00157	0,00146	0,00134	0,00124	0,00143	0,00114	0,00127	0,00121	0,00118	0,00133	0,00148	0,00128	0,00151	0,00160	0,00148	0,00125	0,00126	0,00120	0,00112	0,00127	0,00123	0,00132	0,00153	0,00115	0,00110	0,00117	0,00148
0,00129	0,00118	0,00118	0,00116	0,00144	0,00118	0,00132	0,00148	0,00132	0,00149	0,00125	0,00127	0,00120	0,00119	0,00123	0,00163	0,00133	0,00137	0,00121	0,00135	0,00124	0,00121	0,00123	0,00128	0,00110	0,00128	0,00159	0,00116	0,00152	0,00123	0,00115	0,00126	0,00122	0,00124	0,00134	0,00125	0,00120	0,00145	0,00125	0,00119	0,00125	0,00141	0,00152	0,00122	0,00120	0,00113	0,00115	0,00133	0,00132	0,00118	0,00106
0,00138	0,00153	0,00124	0,00128	0,00121	0,00138	0,00143	0,00141	0,00123	0,00128	0,00143	0,00148	0,00117	0,00129	0,00125	0,00157	0,00135	0,00136	0,00137	0,00138	0,00164	0,00137	0,00142	0,00144	0,00132	0,00128	0,00125	0,00175	0,00164	0,00123	0,00130	0,00157	0,00152	0,00111	0,00125	0,00110	0,00152	0,00122	0,00121	0,00120	0,00113	0,00134	0,00116	0,00134	0,00136	0,00137	0,00120	0,00123	0,00130	0,00107	0,00146
0,00125	0,00134	0,00111	0,00123	0,00113	0,00119	0,00121	0,00112	0,00144	0,00150	0,00105	0,00143	0,00123	0,00137	0,00147	0,00134	0,00164	0,00140	0,00135	0,00166	0,00139	0,00160	0,00170	0,00157	0,00165	0,00154	0,00161	0,00157	0,00132	0,00134	0,00119	0,00154	0,00118	0,00120	0,00110	0,00119	0,00128	0,00131	0,00152	0,00138	0,00142	0,00110	0,00146	0,00146	0,00111	0,00117	0,00119	0,00120	0,00111	0,00111	0,00121
0,00130	0,00149	0,00113	0,00117	0,00150	0,00119	0,00126	0,00115	0,00150	0,00126	0,00139	0,00136	0,00129	0,00138	0,00158	0,00137	0,00137	0,00167	0,00131	0,00125	0,00130	0,00128	0,00140	0,00176	0,00144	0,00177	0,00152	0,00149	0,00190	0,00128	0,00163	0,00123	0,00132	0,00116	0,00153	0,00106	0,00133	0,00145	0,00114	0,00167	0,00120	0,00117	0,00123	0,00120	0,00145	0,00120	0,00122	0,00128	0,00129	0,00135	0,00146
0,00121	0,00130	0,00116	0,00121	0,00149	0,00124	0,00149	0,00163	0,00120	0,00121	0,00138	0,00128	0,00159	0,00129	0,00122	0,00125	0,00144	0,00151	0,00135	0,00139	0,00146	0,00130	0,00122	0,00150	0,00135	0,00124	0,00180	0,00143	0,00149	0,00161	0,00140	0,00174	0,00154	0,00134	0,00125	0,00121	0,00125	0,00136	0,00130	0,00120	0,00120	0,00144	0,00135	0,00147	0,00151	0,00143	0,00113	0,00107	0,00104	0,00137	0,00110
0,00137	0,00135	0,00152	0,00143	0,00100	0,00122	0,00125	0,00112	0,00137	0,00121	0,00157	0,00135	0,00118	0,00128	0,00123	0,00140	0,00136	0,00131	0,00125	0,00131	0,00119	0,00126	0,00137	0,00133	0,00159	0,00134	0,00158	0,00146	0,00175	0,00141	0,00182	0,00171	0,00150	0,00163	0,00169	0,00181	0,00130	0,00127	0,00123	0,00136	0,00147	0,00157	0,00126	0,00138	0,00120	0,00126	0,00117	0,00123	0,00134	0,00123	0,00108
0,00115	0,00128	0,00122	0,00114	0,00110	0,00118	0,00124	0,00102	0,00131	0,00149	0,00125	0,00121	0,00143	0,00122	0,00168	0,00129	0,00140	0,00128	0,00119	0,00119	0,00150	0,00111	0,00145	0,00135	0,00129	0,00124	0,00129	0,00130	0,00133	0,00143	0,00177	0,00174	0,00169	0,00137	0,00156	0,00160	0,00148	0,00137	0,00136	0,00158	0,00147	0,00163	0,00152	0,00123	0,00160	0,00116	0,00113	0,00120	0,00148	0,00123	0,00132
0,00118	0,00131	0,00151	0,00102	0,00122	0,00121	0,00116	0,00157	0,00136	0,00126	0,00126	0,00157	0,00121	0,00119	0,00129	0,00121	0,00155	0,00154	0,00126	0,00125	0,00144	0,00126	0,00125	0,00129	0,00138	0,00131	0,00150	0,00162	0,00143	0,00173	0,00124	0,00166	0,00146	0,00155	0,00187	0,00166	0,00154	0,00172	0,00185	0,00155	0,00134	0,00134	0,00122	0,00126	0,00138	0,00118	0,00127	0,00141	0,00141	0,00119	0,00119
0,00124	0,00123	0,00122	0,00131	0,00131	0,00128	0,00125	0,00137	0,00133	0,00122	0,00136	0,00123	0,00126	0,00158	0,00149	0,00138	0,00131	0,00128	0,00117	0,00147	0,00143	0,00144	0,00166	0,00131	0,00171	0,00144	0,00145	0,00143	0,00136	0,00151	0,00128	0,00133	0,00162	0,00133	0,00158	0,00147	0,00154	0,00153	0,00165	0,00147	0,00146	0,00163	0,00137	0,00155	0,00164	0,00151	0,00129	0,00141	0,00155	0,00136	0,00121
0,00110	0,00115	0,00150	0,00121	0,00127	0,00116	0,00151	0,00124	0,00138	0,00140	0,00120	0,00129	0,00125	0,00126	0,00129	0,00172	0,00134	0,00154	0,00163	0,00172	0,00159	0,00149	0,00143	0,00132	0,00155	0,00149	0,00159	0,00151	0,00142	0,00125	0,00125	0,00150	0,00165	0,00138	0,00152	0,00147	0,00140	0,00143	0,00172	0,00153	0,00162	0,00142	0,00145	0,00148	0,00133	0,00127	0,00127	0,00121	0,00120	0,00150	0,00119
0,00133	0,00150	0,00120	0,00121	0,00146	0,00136	0,00147	0,00140	0,00130	0,00117	0,00152	0,00141	0,00148	0,00125	0,00149	0,00137	0,00162	0,00147	0,00166	0,00149	0,00148	0,00177	0,00155	0,00178	0,00163	0,00155	0,00162	0,00150	0,00180	0,00155	0,00127	0,00141	0,00153	0,00131	0,00147	0,00137	0,00142	0,00133	0,00161	0,00151	0,00168	0,00153	0,00143	0,00136	0,00127	0,00131	0,00123	0,00122	0,00117	0,00158	0,00116
0,00124	0,00152	0,00128	0,00155	0,00122	0,00128	0,00155	0,00169	0,00163	0,00129	0,00143	0,00182	0,00143	0,00137	0,00140	0,00151	0,00181	0,00142	0,00149	0,00167	0,00145	0,00141	0,00177	0,00139	0,00154	0,00160	0,00159	0,00147	0,00187	0,00150	0,00136	0,00137	0,00126	0,00157	0,00132	0,00147	0,00138	0,00159	0,00147	0,00135	0,00141	0,00157	0,00139	0,00152	0,00134	0,00145	0,00117	0,00127	0,00119	0,00131	0,00127
0,00144	0,00126	0,00133	0,00143	0,00157	0,00131	0,00135	0,00153	0,00137	0,00141	0,00161	0,00196	0,00155	0,00151	0,00184	0,00150	0,00142	0,00132	0,00174	0,00177	0,00135	0,00160	0,00135	0,00152	0,00152	0,00150	0,00176	0,00160	0,00174	0,00177	0,00172	0,00156	0,00140	0,00132	0,00122	0,00159	0,00151	0,00130	0,00149	0,00138	0,00135	0,00138	0,00173	0,00164	0,00155	0,00138	0,00142	0,00128	0,00137	0,00118	0,00115
0,00119	0,00123	0,00155	0,00139	0,00134	0,00130	0,00135	0,00157	0,00148	0,00187	0,00153	0,00167	0,00149	0,00164	0,00145	0,00139	0,00183	0,00131	0,00126	0,00160	0,00162	0,00156	0,00147	0,00152	0,00154	0,00180	0,00169	0,00170	0,00179	0,00177	0,00164	0,00146	0,00154	0,00131	0,00141	0,00116	0,00139	0,00158	0,00111	0,00157	0,00151	0,00151	0,00125	0,00124	0,00161	0,00149	0,00146	0,00142	0,00125	0,00108	0,00137
0,00132	0,00150	0,00138	0,00138	0,00172	0,00151	0,00187	0,00173	0,00154	0,00161	0,00167	0,00186	0,00173	0,00171	0,00148	0,00156	0,00177	0,00147	0,00146	0,00166	0,00141	0,00141	0,00157	0,00144	0,00188	0,00181	0,00157	0,00167	0,00143	0,00147	0,00147	0,00184	0,00147	0,00141	0,00128	0,00160	0,00149	0,00142	0,00135	0,00145	0,00130	0,00135	0,00153	0,00126	0,00136	0,00151	0,00134	0,00148	0,00117	0,00143	0,00147
0,00115	0,00133	0,00150	0,00145	0,00156	0,00157	0,00163	0,00179	0,00178	0,00194	0,00232	0,00177	0,00183	0,00195	0,00195	0,00156	0,00161	0,00150	0,00150	0,00138	0,00176	0,00157	0,00157	0,00156	0,00197	0,00178	0,00194	0,00204	0,00188	0,00141	0,00172	0,00139	0,00126	0,00131	0,00121	0,00153	0,00145	0,00149	0,00130	0,00125	0,00155	0,00127	0,00135	0,00126	0,00131	0,00130	0,00121	0,00125	0,00130	0,00108	0,00122
0,00130	0,00173	0,00167	0,00166	0,00172	0,00199	0,00208	0,00195	0,00208	0,00198	0,00227	0,00206	0,00188	0,00180	0,00178	0,00183	0,00181	0,00178	0,00161	0,00152	0,00161	0,00162	0,00193	0,00182	0,00202	0,00241	0,00208	0,00198	0,00173	0,00156	0,00144	0,00162	0,00131	0,00125	0,00117	0,00134	0,00136	0,00123	0,00138	0,00127	0,00166	0,00136	0,00124	0,00126	0,00152	0,00127	0,00127	0,00126	0,00125	0,00136	0,00118
0,00136	0,00148	0,00143	0,00187	0,00162	0,00198	0,00191	0,00205	0,00194	0,00209	0,00215	0,00231	0,00232	0,00224	0,00203	0,00186	0,00226	0,00179	0,00188	0,00170	0,00157	0,00172	0,00202	0,00202	0,00234	0,00229	0,00231	0,00219	0,00205	0,00179	0,00165	0,00164	0,00131	0,00127	0,00129	0,00141	0,00128	0,00171	0,00171	0,00157	0,00158	0,00137	0,00146	0,00172	0,00160	0,00133	0,00139	0,00116	0,00144	0,00151	0,00118
0,00167	0,00169	0,00159	0,00171	0,00215	0,00209	0,00218	0,00210	0,00225	0,00228	0,00252	0,00256	0,00231	0,00225	0,00222	0,00212	0,00241	0,00199	0,00205	0,00159	0,00201	0,00201	0,00202	0,00194	0,00237	0,00220	0,00218	0,00221	0,00230	0,00201	0,00171	0,00166	0,00155	0,00185	0,00138	0,00175	0,00149	0,00155	0,00148	0,00155	0,00150	0,00152	0,00135	0,00132	0,00156	0,00147	0,00121	0,00119	0,00136	0,00128	0,00091
0,00143	0,00158	0,00187	0,00204	0,00200	0,00226	0,00229	0,00252	0,00238	0,00253	0,00286	0,00270	0,00297	0,00264	0,00296	0,00285	0,00237	0,00208	0,00221	0,00214	0,00181	0,00187	0,00211	0,00221	0,00205	0,00205	0,00196	0,00222	0,00260	0,00258	0,00236	0,00216	0,00228	0,00204	0,00192	0,00182	0,00167	0,00187	0,00154	0,00148	0,00139	0,00167	0,00134	0,00137	0,00143	0,00139	0,00129	0,00123	0,00149	0,00126	0,00136
0,00175	0,00179	0,00199	0,00214	0,00220	0,00231	0,00239	0,00249	0,00281	0,00274	0,00323	0,00334	0,00297	0,00288	0,00302	0,00295	0,00250	0,00230	0,00216	0,00218	0,00240	0,00208	0,00183	0,00201	0,00178	0,00189	0,00197	0,00232	0,00250	0,00277	0,00305	0,00283	0,00276	0,00237	0,00227	0,00244	0,00186	0,00219	0,00198	0,00166	0,00153	0,00154	0,00132	0,00134	0,00146	0,00154	0,00126	0,00129	0,00133	0,00151	0,00153
0,00154	0,00169	0,00184	0,00193	0,00218	0,00254	0,00257	0,00298	0,00292	0,00340	0,00364	0,00382	0,00326	0,00348	0,00332	0,00325	0,00312	0,00311	0,00271	0,00298	0,00283	0,00270	0,00229	0,00203	0,00230	0,00184	0,00225	0,00224	0,00271	0,00345	0,00319	0,00342	0,00347	0,00326	0,00319	0,00284	0,00228	0,00221	0,00208	0,00177	0,00156	0,00163	0,00149	0,00136	0,00145	0,00147	0,00144	0,00122	0,00117	0,00128	0,00116
0,00169	0,00186	0,00205	0,00212	0,00219	0,00261	0,00279	0,00307	0,00324	0,00348	0,00395	0,00444	0,00392	0,00389	0,00383	0,00391	0,00391	0,00355	0,00363	0,00390	0,00379	0,00368	0,00315	0,00241	0,00251	0,00232	0,00257	0,00319	0,00310	0,00374	0,00378	0,00384	0,00427	0,00432	0,00412	0,00359	0,00326	0,00256	0,00247	0,00198	0,00206	0,00171	0,00154	0,00158	0,00168	0,00158	0,00143	0,00143	0,00131	0,00126	0,00123
0,00168	0,00163	0,00209	0,00220	0,00236	0,00293	0,00285	0,00332	0,00358	0,00382	0,00465	0,00492	0,00444	0,00432	0,00428	0,00462	0,00432	0,00446	0,00467	0,00492	0,00505	0,00489	0,00421	0,00348	0,00347	0,00333	0,00311	0,00398	0,00372	0,00431	0,00428	0,00474	0,00493	0,00484	0,00461	0,00413	0,00370	0,00315	0,00292	0,00257	0,00200	0,00171	0,00164	0,00196	0,00174	0,00156	0,00163	0,00150	0,00146	0,00120	0,00124
0,00170	0,00175	0,00195	0,00251	0,00231	0,00275	0,00296	0,00338	0,00383	0,00438	0,00482	0,00547	0,00493	0,00493	0,00486	0,00502	0,00532	0,00554	0,00556	0,00621	0,00667	0,00617	0,00583	0,00473	0,00441	0,00384	0,00376	0,00496	0,00447	0,00552	0,00500	0,00556	0,00591	0,00596	0,00557	0,00518	0,00461	0,00375	0,00335	0,00260	0,00220	0,00230	0,00168	0,00219	0,00171	0,00191	0,00151	0,00161	0,00143	0,00121	0,00128
0,00169	0,00181	0,00233	0,00221	0,00239	0,00296	0,00324	0,00346	0,00428	0,00497	0,00549	0,00598	0,00544	0,00571	0,00548	0,00605	0,00607	0,00663	0,00684	0,00743	0,00756	0,00785	0,00672	0,00602	0,00515	0,00504	0,00481	0,00592	0,00557	0,00682	0,00642	0,00698	0,00733	0,00679	0,00657	0,00602	0,00499	0,00456	0,00379	0,00353	0,00248	0,00211	0,00200	0,00198	0,00184	0,00215	0,00160	0,00182	0,00154	0,00139	0,00157
0,00212	0,00183	0,00201	0,00236	0,00270	0,00303	0,00325	0,00383	0,00429	0,00509	0,00555	0,00607	0,00583	0,00612	0,00622	0,00673	0,00715	0,00751	0,00766	0,00790	0,00828	0,00829	0,00740	0,00630	0,00624	0,00591	0,00619	0,00742	0,00706	0,00825	0,00736	0,00832	0,00843	0,00806	0,00767	0,00679	0,00595	0,00538	0,00422	0,00346	0,00276	0,00238	0,00211	0,00197	0,00197	0,00202	0,00186	0,00160	0,00154	0,00150	0,00138
0,00193	0,00193	0,00213	0,00217	0,00271	0,00269	0,00335	0,00387	0,00439	0,00527	0,00571	0,00648	0,00637	0,00652	0,00687	0,00735	0,00747	0,00799	0,00844	0,00837	0,00848	0,00815	0,00787	0,00694	0,00709	0,00771	0,00787	0,00963	0,00883	0,00994	0,00868	0,00911	0,00921	0,00873	0,00817	0,00753	0,00658	0,00537	0,00458	0,00376	0,00337	0,00245	0,00222	0,00216	0,00214	0,00218	0,00189	0,00179	0,00150	0,00149	0,00151
0,00196	0,00208	0,00221	0,00225	0,00254	0,00319	0,00355	0,00379	0,00453	0,00507	0,00553	0,00600	0,00667	0,00715	0,00717	0,00777	0,00779	0,00807	0,00829	0,00797	0,00789	0,00779	0,00785	0,00775	0,00806	0,00993	0,01042	0,01195	0,01062	0,01127	0,01038	0,01025	0,01005	0,00926	0,00859	0,00774	0,00677	0,00593	0,00500	0,00435	0,00327	0,00281	0,00223	0,00236	0,00245	0,00203	0,00186	0,00201	0,00183	0,00142	0,00160
0,00168	0,00199	0,00195	0,00216	0,00259	0,00286	0,00343	0,00384	0,00471	0,00502	0,00538	0,00609	0,00671	0,00680	0,00735	0,00730	0,00777	0,00750	0,00769	0,00706	0,00705	0,00761	0,00807	0,00784	0,00954	0,01186	0,01252	0,01365	0,01265	0,01250	0,01125	0,01108	0,01041	0,00952	0,00872	0,00812	0,00693	0,00588	0,00531	0,00418	0,00371	0,00315	0,00258	0,00232	0,00231	0,00222	0,00206	0,00180	0,00161	0,00167	0,00153
0,00196	0,00186	0,00219	0,00221	0,00259	0,00288	0,00330	0,00362	0,00410	0,00451	0,00502	0,00509	0,00638	0,00652	0,00713	0,00711	0,00699	0,00647	0,00642	0,00591	0,00648	0,00701	0,00766	0,00874	0,01032	0,01256	0,01371	0,01432	0,01398	0,01345	0,01208	0,01119	0,00980	0,00895	0,00865	0,00747	0,00673	0,00603	0,00511	0,00419	0,00353	0,00280	0,00251	0,00245	0,00215	0,00239	0,00197	0,00194	0,00181	0,00149	0,00147
0,00172	0,00188	0,00224	0,00210	0,00257	0,00276	0,00302	0,00352	0,00416	0,00431	0,00476	0,00473	0,00562	0,00581	0,00646	0,00609	0,00594	0,00550	0,00521	0,00499	0,00532	0,00638	0,00761	0,00900	0,01060	0,01194	0,01346	0,01343	0,01402	0,01325	0,01249	0,01075	0,00924	0,00862	0,00799	0,00722	0,00642	0,00567	0,00534	0,00413	0,00363	0,00318	0,00288	0,00253	0,00231	0,00220	0,00206	0,00190	0,00198	0,00160	0,00143
0,00182	0,00190	0,00196	0,00210	0,00233	0,00279	0,00281	0,00301	0,00356	0,00371	0,00414	0,00387	0,00504	0,00525	0,00549	0,00483	0,00462	0,00436	0,00419	0,00440	0,00472	0,00600	0,00738	0,00882	0,00999	0,01066	0,01163	0,01177	0,01280	0,01153	0,01208	0,01049	0,00841	0,00734	0,00679	0,00677	0,00612	0,00536	0,00487	0,00418	0,00361	0,00313	0,00265	0,00240	0,00213	0,00210	0,00246	0,00206	0,00217	0,00161	0,00145
0,00153	0,00178	0,00180	0,00212	0,00246	0,00271	0,00282	0,00322	0,00335	0,00354	0,00325	0,00321	0,00414	0,00425	0,00439	0,00436	0,00377	0,00350	0,00353	0,00352	0,00446	0,00604	0,00748	0,00852	0,00926	0,00906	0,00951	0,00925	0,01085	0,01048	0,01088	0,00954	0,00756	0,00666	0,00613	0,00612	0,00557	0,00507	0,00473	0,00455	0,00372	0,00341	0,00263	0,00231	0,00225	0,00222	0,00234	0,00194	0,00185	0,00166	0,00155
0,00174	0,00206	0,00179	0,00214	0,00239	0,00253	0,00254	0,00272	0,00287	0,00267	0,00256	0,00277	0,00376	0,00336	0,00343	0,00325	0,00306	0,00257	0,00273	0,00329	0,00472	0,00609	0,00722	0,00804	0,00818	0,00768	0,00834	0,00794	0,00918	0,00907	0,00967	0,00825	0,00709	0,00608	0,00543	0,00572	0,00534	0,00487	0,00464	0,00413	0,00367	0,00358	0,00288	0,00245	0,00244	0,00245	0,00236	0,00212	0,00208	0,00192	0,00145
0,00164	0,00169	0,00155	0,00179	0,00210	0,00212	0,00211	0,00225	0,00259	0,00232	0,00226	0,00206	0,00280	0,00303	0,00293	0,00262	0,00239	0,00222	0,00264	0,00334	0,00497	0,00599	0,00729	0,00794	0,00777	0,00738	0,00760	0,00757	0,00812	0,00837	0,00882	0,00838	0,00710	0,00622	0,00521	0,00523	0,00490	0,00480	0,00450	0,00422	0,00383	0,00360	0,00297	0,00247	0,00253	0,00232	0,00202	0,00206	0,00210	0,00153	0,00145
0,00174	0,00164	0,00169	0,00199	0,00195	0,00184	0,00199	0,00212	0,00224	0,00210	0,00185	0,00159	0,00242	0,00207	0,00226	0,00202	0,00238	0,00219	0,00262	0,00362	0,00495	0,00634	0,00722	0,00777	0,00785	0,00743	0,00719	0,00770	0,00792	0,00861	0,00863	0,00828	0,00726	0,00638	0,00555	0,00523	0,00485	0,00458	0,00448	0,00422	0,00391	0,00349	0,00300	0,00260	0,00249	0,00236	0,00258	0,00193	0,00221	0,00155	0,00170
0,00168	0,00163	0,00162	0,00151	0,00206	0,00188	0,00193	0,00201	0,00215	0,00173	0,00175	0,00164	0,00184	0,00189	0,00215	0,00223	0,00191	0,00231	0,00280	0,00395	0,00536	0,00676	0,00715	0,00812	0,00775	0,00758	0,00760	0,00817	0,00822	0,00898	0,00872	0,00860	0,00776	0,00685	0,00601	0,00522	0,00480	0,00470	0,00470	0,00428	0,00423	0,00366	0,00296	0,00257	0,00252	0,00226	0,00249	0,00208	0,00206	0,00186	0,00160
0,00170	0,00133	0,00151	0,00162	0,00174	0,00200	0,00169	0,00201	0,00170	0,00194	0,00137	0,00155	0,00167	0,00162	0,00207	0,00193	0,00227	0,00266	0,00335	0,00425	0,00538	0,00651	0,00721	0,00800	0,00817	0,00810	0,00798	0,00833	0,00894	0,00900	0,00896	0,00893	0,00799	0,00709	0,00637	0,00530	0,00506	0,00446	0,00437	0,00407	0,00399	0,00353	0,00340	0,00264	0,00271	0,00261	0,00260	0,00229	0,00194	0,00205	0,00136
0,00135	0,00154	0,00172	0,00151	0,00150	0,00161	0,00193	0,00166	0,00185	0,00156	0,00180	0,00149	0,00146	0,00154	0,00189	0,00202	0,00215	0,00267	0,00319	0,00424	0,00535	0,00643	0,00719	0,00791	0,00771	0,00782	0,00809	0,00836	0,00879	0,00904	0,00925	0,00879	0,00798	0,00705	0,00592	0,00523	0,00474	0,00434	0,00420	0,00404	0,00405	0,00327	0,00326	0,00242	0,00238	0,00231	0,00233	0,00216	0,00191	0,00164	0,00148
0,00135	0,00143	0,00135	0,00171	0,00152	0,00175	0,00174	0,00162	0,00158	0,00154	0,00149	0,00177	0,00178	0,00174	0,00186	0,00243	0,00275	0,00319	0,00329	0,00446	0,00504	0,00578	0,00686	0,00758	0,00751	0,00748	0,00776	0,00785	0,00854	0,00858	0,00924	0,00865	0,00771	0,00678	0,00593	0,00489	0,00429	0,00445	0,00433	0,00390	0,00374	0,00324	0,00289	0,00287	0,00261	0,00241	0,00232	0,00246	0,00195	0,00168	0,00145
0,00124	0,00120	0,00140	0,00135	0,00144	0,00174	0,00168	0,00150	0,00153	0,00147	0,00155	0,00165	0,00169	0,00189	0,00243	0,00252	0,00258	0,00288	0,00325	0,00384	0,00471	0,00514	0,00623	0,00682	0,00658	0,00688	0,00717	0,00709	0,00777	0,00767	0,00834	0,00790	0,00697	0,00598	0,00515	0,00479	0,00409	0,00425	0,00410	0,00372	0,00339	0,00343	0,00305	0,00251	0,00239	0,00242	0,00249	0,00208	0,00197	0,00169	0,00193
0,00134	0,00138	0,00132	0,00141	0,00136	0,00138	0,00150	0,00149	0,00141	0,00161	0,00146	0,00149	0,00177	0,00209	0,00226	0,00268	0,00296	0,00299	0,00323	0,00391	0,00399	0,00428	0,00524	0,00601	0,00573	0,00557	0,00626	0,00597	0,00687	0,00649	0,00735	0,00691	0,00591	0,00519	0,00464	0,00414	0,00380	0,00380	0,00372	0,00348	0,00313	0,00284	0,00284	0,00269	0,00232	0,00257	0,00229	0,00228	0,00213	0,00169	0,00137
0,00120	0,00126	0,00136	0,00121	0,00126	0,00122	0,00135	0,00166	0,00155	0,00150	0,00143	0,00158	0,00166	0,00205	0,00278	0,00288	0,00306	0,00300	0,00299	0,00322	0,00323	0,00374	0,00434	0,00498	0,00452	0,00452	0,00492	0,00460	0,00594	0,00542	0,00606	0,00588	0,00525	0,00435	0,00428	0,00360	0,00355	0,00354	0,00327	0,00324	0,00313	0,00300	0,00248	0,00236	0,00240	0,00220	0,00221	0,00204	0,00200	0,00152	0,00147
0,00122	0,00142	0,00144	0,00161	0,00149	0,00128	0,00131	0,00157	0,00156	0,00169	0,00182	0,00166	0,00186	0,00196	0,00251	0,00299	0,00310	0,00308	0,00341	0,00322	0,00325	0,00287	0,00367	0,00355	0,00336	0,00348	0,00383	0,00383	0,00437	0,00453	0,00512	0,00455	0,00415	0,00361	0,00371	0,00315	0,00301	0,00339	0,00288	0,00282	0,00304	0,00267	0,00274	0,00248	0,00223	0,00254	0,00202	0,00189	0,00175	0,00164	0,00154
0,00151	0,00154	0,00125	0,00137	0,00122	0,00145	0,00149	0,00145	0,00151	0,00180	0,00153	0,00152	0,00169	0,00186	0,00250	0,00282	0,00318	0,00312	0,00311	0,00303	0,00275	0,00244	0,00293	0,00309	0,00265	0,00238	0,00296	0,00291	0,00322	0,00354	0,00399	0,00368	0,00305	0,00307	0,00296	0,00286	0,00262	0,00304	0,00256	0,00241	0,00274	0,00245	0,00229	0,00225	0,00213	0,00211	0,00233	0,00216	0,00193	0,00184	0,00185
0,00122	0,00121	0,00133	0,00120	0,00160	0,00148	0,00124	0,00131	0,00154	0,00173	0,00152	0,00155	0,00167	0,00182	0,00213	0,00257	0,00306	0,00348	0,00312	0,00310	0,00295	0,00278	0,00233	0,00224	0,00189	0,00187	0,00193	0,00209	0,00244	0,00263	0,00306	0,00320	0,00260	0,00276	0,00288	0,00257	0,00246	0,00282	0,00224	0,00214	0,00238	0,00201	0,00214	0,00214	0,00200	0,00201	0,00212	0,00178	0,00205	0,00203	0,00170
