22,10000	22,26000	22,42000	22,58000	22,74000	22,90000	23,06000	23,22000	23,38000	23,54000	23,70000	23,86000	24,02000	24,18000	24,34000	24,50000	24,66000	24,82000	24,98000	25,14000	25,30000	25,46000	25,62000	25,78000	25,94000	26,10000	26,26000	26,42000	26,58000	26,74000	26,90000	27,06000	27,22000	27,38000	27,54000	27,70000	27,86000	28,02000	28,18000	28,34000	28,50000	28,66000	28,82000	28,98000	29,14000	29,30000	29,46000	29,62000	29,78000	29,94000	30,10000
22,60000	22,76000	22,92000	23,08000	23,24000	23,40000	23,56000	23,72000	23,88000	24,04000	24,20000	24,36000	24,52000	24,68000	24,84000	25,00000	25,16000	25,32000	25,48000	25,64000	25,80000	25,96000	26,12000	26,28000	26,44000	26,60000	26,76000	26,92000	27,08000	27,24000	27,40000	27,56000	27,72000	27,88000	28,04000	28,20000	28,36000	28,52000	28,68000	28,84000	29,00000	29,16000	29,32000	29,48000	29,64000	29,80000	29,96000	30,12000	30,28000	30,44000	30,60000
0,00156	0,00153	0,00122	0,00164	0,00148	0,00131	0,00127	0,00144	0,00150	0,00120	0,00163	0,00132	0,00129	0,00131	0,00147	0,00163	0,00144	0,00141	0,00173	0,00188	0,00171	0,00142	0,00163	0,00150	0,00139	0,00149	0,00154	0,00145	0,00154	0,00159	0,00170	0,00183	0,00167	0,00189	0,00179	0,00169	0,00152	0,00150	0,00143	0,00151	0,00143	0,00134	0,00135	0,00184	0,00150	0,00149	0,00163	0,00147	0,00189	0,00155	0,00187
0,00133	0,00116	0,00152	0,00172	0,00148	0,00145	0,00132	0,00124	0,00158	0,00128	0,00135	0,00124	0,00132	0,00137	0,00141	0,00153	0,00151	0,00152	0,00175	0,00146	0,00159	0,00159	0,00154	0,00153	0,00147	0,00164	0,00148	0,00152	0,00143	0,00156	0,00163	0,00200	0,00176	0,00182	0,00203	0,00164	0,00180	0,00153	0,00145	0,00138	0,00144	0,00138	0,00128	0,00123	0,00165	0,00145	0,00149	0,00146	0,00168	0,00136	0,00144
0,00132	0,00124	0,00132	0,00136	0,00139	0,00136	0,00115	0,00128	0,00122	0,00140	0,00126	0,00172	0,00134	0,00143	0,00159	0,00185	0,00148	0,00162	0,00163	0,00189	0,00150	0,00145	0,00164	0,00158	0,00128	0,00134	0,00158	0,00136	0,00172	0,00149	0,00154	0,00169	0,00167	0,00155	0,00189	0,00167	0,00143	0,00160	0,00152	0,00134	0,00141	0,00130	0,00125	0,00169	0,00129	0,00137	0,00141	0,00155	0,00167	0,00144	0,00169
0,00120	0,00129	0,00143	0,00132	0,00158	0,00136	0,00141	0,00144	0,00125	0,00163	0,00132	0,00138	0,00138	0,00158	0,00149	0,00192	0,00184	0,00197	0,00165	0,00189	0,00163	0,00168	0,00162	0,00181	0,00160	0,00163	0,00171	0,00165	0,00151	0,00176	0,00180	0,00181	0,00164	0,00177	0,00174	0,00178	0,00147	0,00161	0,00176	0,00131	0,00126	0,00136	0,00133	0,00129	0,00131	0,00124	0,00144	0,00145	0,00133	0,00153	0,00125
0,00134	0,00122	0,00151	0,00117	0,00140	0,00132	0,00150	0,00123	0,00137	0,00146	0,00140	0,00145	0,00147	0,00193	0,00202	0,00170	0,00183	0,00176	0,00193	0,00212	0,00198	0,00173	0,00178	0,00158	0,00165	0,00186	0,00159	0,00167	0,00170	0,00183	0,00202	0,00190	0,00194	0,00176	0,00202	0,00170	0,00157	0,00141	0,00126	0,00137	0,00127	0,00139	0,00131	0,00124	0,00149	0,00164	0,00136	0,00136	0,00136	0,00146	0,00133
0,00131	0,00126	0,00121	0,00126	0,00136	0,00155	0,00121	0,00159	0,00159	0,00143	0,00147	0,00165	0,00168	0,00204	0,00192	0,00190	0,00189	0,00191	0,00206	0,00200	0,00187	0,00187	0,00214	0,00194	0,00189	0,00170	0,00178	0,00170	0,00203	0,00201	0,00232	0,00209	0,00220	0,00224	0,00217	0,00207	0,00186	0,00157	0,00146	0,00140	0,00166	0,00115	0,00169	0,00131	0,00144	0,00141	0,00135	0,00127	0,00141	0,00127	0,00146
0,00132	0,00132	0,00139	0,00143	0,00133	0,00155	0,00137	0,00138	0,00137	0,00150	0,00151	0,00168	0,00179	0,00185	0,00207	0,00200	0,00201	0,00222	0,00217	0,00227	0,00234	0,00230	0,00206	0,00203	0,00198	0,00216	0,00180	0,00181	0,00195	0,00197	0,00220	0,00231	0,00230	0,00237	0,00261	0,00235	0,00227	0,00192	0,00201	0,00201	0,00200	0,00181	0,00129	0,00131	0,00137	0,00152	0,00138	0,00134	0,00143	0,00138	0,00141
0,00126	0,00133	0,00137	0,00121	0,00163	0,00140	0,00167	0,00133	0,00166	0,00155	0,00161	0,00196	0,00217	0,00206	0,00234	0,00218	0,00241	0,00240	0,00283	0,00280	0,00275	0,00236	0,00267	0,00214	0,00201	0,00197	0,00190	0,00225	0,00195	0,00243	0,00213	0,00232	0,00255	0,00282	0,00282	0,00260	0,00273	0,00238	0,00230	0,00233	0,00221	0,00163	0,00167	0,00134	0,00151	0,00130	0,00151	0,00139	0,00140	0,00137	0,00166
0,00120	0,00144	0,00152	0,00171	0,00175	0,00177	0,00155	0,00137	0,00137	0,00152	0,00188	0,00191	0,00206	0,00224	0,00234	0,00246	0,00262	0,00270	0,00275	0,00336	0,00345	0,00303	0,00278	0,00251	0,00223	0,00225	0,00221	0,00225	0,00207	0,00200	0,00208	0,00218	0,00247	0,00222	0,00260	0,00325	0,00321	0,00304	0,00310	0,00321	0,00278	0,00207	0,00175	0,00131	0,00167	0,00161	0,00157	0,00138	0,00138	0,00153	0,00137
0,00125	0,00136	0,00125	0,00156	0,00159	0,00159	0,00170	0,00160	0,00171	0,00170	0,00200	0,00219	0,00233	0,00262	0,00269	0,00277	0,00275	0,00314	0,00347	0,00379	0,00359	0,00326	0,00316	0,00302	0,00274	0,00296	0,00248	0,00269	0,00259	0,00226	0,00192	0,00201	0,00214	0,00224	0,00287	0,00335	0,00418	0,00386	0,00396	0,00424	0,00363	0,00294	0,00243	0,00157	0,00144	0,00142	0,00151	0,00154	0,00148	0,00174	0,00142
0,00135	0,00161	0,00144	0,00150	0,00167	0,00178	0,00177	0,00172	0,00168	0,00199	0,00200	0,00235	0,00258	0,00276	0,00301	0,00337	0,00375	0,00361	0,00385	0,00413	0,00404	0,00384	0,00388	0,00377	0,00359	0,00338	0,00369	0,00389	0,00343	0,00307	0,00223	0,00186	0,00195	0,00277	0,00299	0,00409	0,00461	0,00474	0,00480	0,00523	0,00493	0,00380	0,00284	0,00187	0,00166	0,00162	0,00147	0,00195	0,00164	0,00198	0,00151
0,00136	0,00136	0,00142	0,00198	0,00164	0,00196	0,00192	0,00184	0,00196	0,00195	0,00231	0,00275	0,00290	0,00284	0,00318	0,00347	0,00382	0,00438	0,00419	0,00493	0,00462	0,00439	0,00469	0,00460	0,00461	0,00484	0,00518	0,00553	0,00496	0,00411	0,00302	0,00231	0,00277	0,00297	0,00356	0,00491	0,00564	0,00562	0,00585	0,00626	0,00607	0,00463	0,00381	0,00238	0,00202	0,00200	0,00161	0,00271	0,00194	0,00223	0,00184
0,00165	0,00147	0,00153	0,00213	0,00197	0,00216	0,00232	0,00225	0,00205	0,00209	0,00233	0,00275	0,00320	0,00357	0,00363	0,00424	0,00445	0,00482	0,00506	0,00543	0,00535	0,00520	0,00543	0,00588	0,00603	0,00655	0,00668	0,00697	0,00640	0,00547	0,00428	0,00317	0,00325	0,00382	0,00495	0,00621	0,00683	0,00667	0,00702	0,00763	0,00684	0,00581	0,00477	0,00301	0,00275	0,00222	0,00213	0,00315	0,00242	0,00260	0,00249
0,00159	0,00163	0,00165	0,00222	0,00218	0,00231	0,00240	0,00238	0,00218	0,00228	0,00246	0,00294	0,00338	0,00360	0,00429	0,00444	0,00501	0,00523	0,00574	0,00624	0,00624	0,00602	0,00626	0,00710	0,00731	0,00777	0,00809	0,00823	0,00774	0,00688	0,00533	0,00426	0,00437	0,00517	0,00596	0,00820	0,00857	0,00806	0,00837	0,00866	0,00795	0,00694	0,00556	0,00384	0,00299	0,00288	0,00255	0,00390	0,00313	0,00313	0,00237
0,00161	0,00174	0,00208	0,00217	0,00226	0,00277	0,00235	0,00233	0,00229	0,00233	0,00266	0,00293	0,00341	0,00383	0,00447	0,00501	0,00558	0,00584	0,00621	0,00682	0,00678	0,00662	0,00733	0,00807	0,00837	0,00872	0,00930	0,00893	0,00839	0,00725	0,00620	0,00509	0,00571	0,00681	0,00778	0,00948	0,00984	0,00973	0,00952	0,00952	0,00927	0,00784	0,00660	0,00460	0,00374	0,00359	0,00331	0,00465	0,00399	0,00379	0,00300
0,00209	0,00200	0,00209	0,00228	0,00243	0,00276	0,00264	0,00256	0,00269	0,00240	0,00262	0,00315	0,00344	0,00442	0,00463	0,00527	0,00595	0,00615	0,00666	0,00717	0,00765	0,00738	0,00795	0,00858	0,00894	0,00932	0,00943	0,00904	0,00865	0,00819	0,00723	0,00649	0,00755	0,00885	0,00985	0,01149	0,01136	0,01049	0,01031	0,01044	0,00968	0,00879	0,00737	0,00580	0,00456	0,00451	0,00406	0,00561	0,00485	0,00422	0,00349
0,00195	0,00196	0,00213	0,00294	0,00284	0,00307	0,00287	0,00261	0,00284	0,00266	0,00302	0,00342	0,00409	0,00427	0,00492	0,00556	0,00608	0,00646	0,00696	0,00749	0,00757	0,00810	0,00822	0,00861	0,00877	0,00916	0,00893	0,00862	0,00857	0,00844	0,00787	0,00804	0,01052	0,01184	0,01254	0,01360	0,01239	0,01146	0,01097	0,01018	0,00954	0,00897	0,00783	0,00674	0,00578	0,00562	0,00514	0,00648	0,00566	0,00491	0,00381
0,00191	0,00220	0,00232	0,00274	0,00284	0,00319	0,00338	0,00293	0,00304	0,00301	0,00307	0,00365	0,00377	0,00444	0,00508	0,00568	0,00611	0,00648	0,00695	0,00714	0,00767	0,00783	0,00807	0,00790	0,00813	0,00792	0,00781	0,00785	0,00873	0,00934	0,00949	0,00983	0,01268	0,01405	0,01427	0,01425	0,01296	0,01165	0,01070	0,00965	0,00941	0,00885	0,00818	0,00729	0,00638	0,00655	0,00628	0,00742	0,00620	0,00538	0,00432
0,00209	0,00258	0,00262	0,00286	0,00313	0,00349	0,00360	0,00307	0,00277	0,00318	0,00299	0,00348	0,00414	0,00456	0,00538	0,00587	0,00597	0,00654	0,00665	0,00653	0,00691	0,00732	0,00745	0,00715	0,00701	0,00687	0,00661	0,00717	0,00852	0,00963	0,01045	0,01164	0,01455	0,01493	0,01497	0,01388	0,01232	0,01105	0,00987	0,00864	0,00851	0,00829	0,00806	0,00743	0,00685	0,00743	0,00693	0,00786	0,00662	0,00581	0,00455
0,00232	0,00263	0,00272	0,00300	0,00324	0,00356	0,00370	0,00307	0,00331	0,00292	0,00292	0,00352	0,00438	0,00435	0,00498	0,00562	0,00543	0,00577	0,00599	0,00567	0,00620	0,00683	0,00616	0,00551	0,00558	0,00590	0,00580	0,00655	0,00862	0,00989	0,01098	0,01258	0,01406	0,01456	0,01442	0,01228	0,01114	0,01035	0,00880	0,00789	0,00741	0,00753	0,00752	0,00737	0,00734	0,00813	0,00758	0,00768	0,00682	0,00579	0,00459
0,00226	0,00240	0,00287	0,00324	0,00344	0,00369	0,00368	0,00317	0,00324	0,00295	0,00310	0,00386	0,00392	0,00438	0,00471	0,00517	0,00519	0,00504	0,00563	0,00488	0,00541	0,00577	0,00528	0,00449	0,00429	0,00457	0,00508	0,00645	0,00806	0,00975	0,01119	0,01243	0,01262	0,01260	0,01221	0,01038	0,00961	0,00889	0,00761	0,00665	0,00643	0,00653	0,00683	0,00695	0,00719	0,00849	0,00817	0,00771	0,00695	0,00560	0,00467
0,00234	0,00269	0,00297	0,00344	0,00355	0,00389	0,00389	0,00358	0,00325	0,00285	0,00304	0,00346	0,00363	0,00383	0,00411	0,00455	0,00401	0,00458	0,00427	0,00395	0,00425	0,00449	0,00384	0,00322	0,00345	0,00373	0,00459	0,00626	0,00782	0,00948	0,01070	0,01134	0,01034	0,00999	0,00995	0,00859	0,00836	0,00776	0,00677	0,00627	0,00583	0,00583	0,00617	0,00662	0,00711	0,00838	0,00800	0,00719	0,00643	0,00540	0,00488
0,00232	0,00271	0,00319	0,00338	0,00395	0,00376	0,00367	0,00333	0,00284	0,00302	0,00316	0,00311	0,00381	0,00390	0,00360	0,00381	0,00359	0,00368	0,00358	0,00335	0,00316	0,00372	0,00314	0,00295	0,00286	0,00357	0,00450	0,00646	0,00767	0,00875	0,00955	0,00993	0,00864	0,00814	0,00868	0,00792	0,00777	0,00726	0,00659	0,00584	0,00545	0,00549	0,00578	0,00616	0,00660	0,00782	0,00756	0,00678	0,00639	0,00521	0,00473
0,00257	0,00285	0,00340	0,00370	0,00373	0,00386	0,00367	0,00331	0,00296	0,00277	0,00279	0,00338	0,00340	0,00339	0,00337	0,00311	0,00277	0,00306	0,00270	0,00255	0,00246	0,00281	0,00225	0,00211	0,00260	0,00341	0,00504	0,00653	0,00768	0,00844	0,00884	0,00864	0,00773	0,00772	0,00773	0,00822	0,00800	0,00763	0,00681	0,00627	0,00569	0,00542	0,00521	0,00564	0,00618	0,00716	0,00726	0,00602	0,00581	0,00501	0,00463
0,00270	0,00274	0,00345	0,00358	0,00367	0,00405	0,00347	0,00312	0,00277	0,00257	0,00303	0,00279	0,00306	0,00290	0,00269	0,00258	0,00223	0,00234	0,00239	0,00189	0,00199	0,00213	0,00202	0,00222	0,00246	0,00361	0,00517	0,00691	0,00773	0,00820	0,00834	0,00817	0,00744	0,00747	0,00775	0,00835	0,00841	0,00774	0,00730	0,00691	0,00602	0,00546	0,00515	0,00520	0,00565	0,00640	0,00656	0,00564	0,00529	0,00477	0,00442
0,00240	0,00294	0,00335	0,00365	0,00345	0,00345	0,00339	0,00310	0,00272	0,00266	0,00250	0,00263	0,00266	0,00252	0,00245	0,00237	0,00194	0,00188	0,00208	0,00206	0,00193	0,00191	0,00206	0,00242	0,00315	0,00425	0,00548	0,00672	0,00774	0,00831	0,00827	0,00782	0,00803	0,00787	0,00865	0,00887	0,00896	0,00864	0,00775	0,00711	0,00611	0,00567	0,00541	0,00531	0,00559	0,00607	0,00592	0,00510	0,00502	0,00490	0,00437
0,00240	0,00269	0,00320	0,00371	0,00330	0,00369	0,00307	0,00287	0,00255	0,00246	0,00252	0,00215	0,00248	0,00223	0,00197	0,00187	0,00167	0,00170	0,00155	0,00176	0,00177	0,00200	0,00215	0,00281	0,00333	0,00465	0,00554	0,00697	0,00763	0,00818	0,00829	0,00813	0,00831	0,00838	0,00881	0,00896	0,00880	0,00856	0,00810	0,00698	0,00627	0,00539	0,00506	0,00481	0,00542	0,00542	0,00529	0,00502	0,00489	0,00476	0,00457
0,00233	0,00278	0,00318	0,00323	0,00331	0,00313	0,00278	0,00257	0,00241	0,00236	0,00242	0,00229	0,00228	0,00193	0,00183	0,00162	0,00151	0,00149	0,00155	0,00180	0,00186	0,00190	0,00235	0,00285	0,00323	0,00440	0,00532	0,00641	0,00736	0,00795	0,00860	0,00854	0,00844	0,00854	0,00863	0,00862	0,00848	0,00834	0,00775	0,00643	0,00595	0,00508	0,00523	0,00495	0,00512	0,00527	0,00522	0,00535	0,00477	0,00468	0,00455
0,00254	0,00261	0,00321	0,00295	0,00275	0,00267	0,00263	0,00263	0,00226	0,00219	0,00215	0,00223	0,00221	0,00181	0,00174	0,00165	0,00161	0,00151	0,00164	0,00222	0,00200	0,00218	0,00263	0,00295	0,00328	0,00426	0,00513	0,00586	0,00649	0,00755	0,00786	0,00821	0,00804	0,00808	0,00820	0,00799	0,00784	0,00744	0,00665	0,00552	0,00514	0,00468	0,00492	0,00489	0,00508	0,00524	0,00533	0,00500	0,00471	0,00482	0,00433
0,00211	0,00267	0,00320	0,00294	0,00257	0,00231	0,00264	0,00242	0,00236	0,00176	0,00193	0,00199	0,00181	0,00189	0,00158	0,00156	0,00175	0,00179	0,00173	0,00234	0,00233	0,00230	0,00274	0,00298	0,00331	0,00379	0,00429	0,00492	0,00560	0,00624	0,00716	0,00766	0,00721	0,00748	0,00733	0,00658	0,00668	0,00674	0,00570	0,00471	0,00456	0,00452	0,00463	0,00457	0,00493	0,00536	0,00533	0,00491	0,00453	0,00462	0,00413
0,00223	0,00227	0,00279	0,00257	0,00263	0,00258	0,00217	0,00205	0,00225	0,00182	0,00166	0,00167	0,00208	0,00184	0,00152	0,00146	0,00156	0,00162	0,00182	0,00238	0,00265	0,00289	0,00304	0,00336	0,00338	0,00354	0,00366	0,00430	0,00460	0,00509	0,00605	0,00690	0,00651	0,00612	0,00623	0,00533	0,00545	0,00518	0,00480	0,00433	0,00390	0,00385	0,00435	0,00434	0,00463	0,00512	0,00496	0,00454	0,00471	0,00416	0,00406
0,00201	0,00229	0,00289	0,00259	0,00237	0,00205	0,00199	0,00199	0,00200	0,00181	0,00157	0,00159	0,00186	0,00152	0,00184	0,00169	0,00184	0,00180	0,00164	0,00204	0,00271	0,00279	0,00327	0,00343	0,00348	0,00332	0,00315	0,00343	0,00350	0,00382	0,00473	0,00541	0,00500	0,00491	0,00490	0,00453	0,00436	0,00427	0,00403	0,00354	0,00329	0,00338	0,00372	0,00423	0,00453	0,00485	0,00478	0,00438	0,00410	0,00402	0,00344
0,00186	0,00229	0,00255	0,00205	0,00198	0,00177	0,00191	0,00200	0,00198	0,00159	0,00175	0,00161	0,00165	0,00152	0,00193	0,00139	0,00155	0,00166	0,00162	0,00203	0,00246	0,00280	0,00304	0,00342	0,00347	0,00318	0,00332	0,00287	0,00278	0,00290	0,00353	0,00418	0,00355	0,00359	0,00376	0,00331	0,00352	0,00365	0,00338	0,00276	0,00284	0,00285	0,00329	0,00357	0,00432	0,00454	0,00454	0,00409	0,00385	0,00343	0,00362
0,00210	0,00184	0,00204	0,00224	0,00179	0,00159	0,00185	0,00194	0,00167	0,00195	0,00153	0,00144	0,00145	0,00155	0,00151	0,00153	0,00160	0,00200	0,00182	0,00210	0,00237	0,00272	0,00293	0,00323	0,00370	0,00316	0,00313	0,00261	0,00242	0,00214	0,00246	0,00293	0,00246	0,00262	0,00275	0,00236	0,00251	0,00268	0,00244	0,00216	0,00239	0,00264	0,00295	0,00328	0,00414	0,00415	0,00414	0,00376	0,00332	0,00308	0,00307
0,00173	0,00219	0,00216	0,00176	0,00160	0,00170	0,00175	0,00164	0,00157	0,00185	0,00141	0,00136	0,00148	0,00151	0,00190	0,00153	0,00162	0,00157	0,00183	0,00193	0,00227	0,00241	0,00306	0,00324	0,00363	0,00305	0,00300	0,00265	0,00224	0,00207	0,00216	0,00240	0,00187	0,00196	0,00196	0,00180	0,00218	0,00242	0,00204	0,00221	0,00234	0,00228	0,00284	0,00303	0,00355	0,00380	0,00372	0,00358	0,00297	0,00317	0,00265
0,00159	0,00168	0,00178	0,00177	0,00157	0,00162	0,00156	0,00146	0,00141	0,00131	0,00132	0,00156	0,00160	0,00149	0,00161	0,00182	0,00155	0,00201	0,00168	0,00195	0,00234	0,00251	0,00256	0,00312	0,00323	0,00314	0,00305	0,00283	0,00240	0,00202	0,00178	0,00193	0,00159	0,00181	0,00148	0,00136	0,00151	0,00190	0,00167	0,00174	0,00219	0,00199	0,00260	0,00265	0,00357	0,00353	0,00354	0,00316	0,00269	0,00247	0,00233
0,00152	0,00163	0,00202	0,00167	0,00156	0,00165	0,00150	0,00166	0,00156	0,00150	0,00132	0,00126	0,00168	0,00172	0,00143	0,00178	0,00156	0,00182	0,00167	0,00204	0,00247	0,00216	0,00269	0,00274	0,00297	0,00338	0,00315	0,00327	0,00249	0,00231	0,00205	0,00200	0,00182	0,00148	0,00132	0,00131	0,00156	0,00146	0,00148	0,00155	0,00168	0,00187	0,00228	0,00237	0,00304	0,00306	0,00302	0,00299	0,00233	0,00222	0,00209
0,00141	0,00163	0,00172	0,00154	0,00166	0,00153	0,00145	0,00177	0,00142	0,00169	0,00166	0,00132	0,00138	0,00140	0,00152	0,00151	0,00158	0,00150	0,00213	0,00230	0,00200	0,00207	0,00233	0,00274	0,00276	0,00306	0,00309	0,00289	0,00265	0,00256	0,00198	0,00185	0,00174	0,00139	0,00149	0,00149	0,00127	0,00142	0,00164	0,00150	0,00177	0,00159	0,00179	0,00208	0,00256	0,00288	0,00270	0,00235	0,00221	0,00204	0,00192
0,00172	0,00141	0,00174	0,00189	0,00171	0,00197	0,00141	0,00140	0,00115	0,00126	0,00135	0,00131	0,00126	0,00171	0,00160	0,00154	0,00149	0,00158	0,00183	0,00218	0,00204	0,00222	0,00253	0,00279	0,00311	0,00296	0,00294	0,00295	0,00278	0,00265	0,00231	0,00208	0,00187	0,00151	0,00141	0,00141	0,00126	0,00135	0,00126	0,00144	0,00149	0,00150	0,00196	0,00184	0,00241	0,00218	0,00236	0,00208	0,00200	0,00184	0,00195
0,00135	0,00149	0,00152	0,00152	0,00154	0,00151	0,00177	0,00140	0,00157	0,00128	0,00132	0,00135	0,00121	0,00159	0,00156	0,00149	0,00149	0,00154	0,00178	0,00205	0,00195	0,00205	0,00237	0,00247	0,00274	0,00280	0,00294	0,00321	0,00268	0,00246	0,00237	0,00209	0,00190	0,00168	0,00132	0,00134	0,00145	0,00133	0,00141	0,00163	0,00167	0,00155	0,00150	0,00173	0,00229	0,00208	0,00208	0,00191	0,00209	0,00181	0,00176
0,00149	0,00150	0,00162	0,00177	0,00185	0,00142	0,00127	0,00129	0,00118	0,00155	0,00152	0,00133	0,00137	0,00135	0,00153	0,00171	0,00161	0,00145	0,00144	0,00178	0,00185	0,00216	0,00225	0,00239	0,00263	0,00291	0,00294	0,00306	0,00269	0,00282	0,00232	0,00222	0,00180	0,00191	0,00139	0,00139	0,00124	0,00150	0,00143	0,00169	0,00150	0,00155	0,00152	0,00156	0,00209	0,00201	0,00191	0,00178	0,00167	0,00166	0,00179
0,00130	0,00144	0,00133	0,00149	0,00113	0,00139	0,00137	0,00126	0,00138	0,00165	0,00137	0,00128	0,00159	0,00136	0,00121	0,00160	0,00128	0,00162	0,00162	0,00156	0,00170	0,00177	0,00209	0,00222	0,00242	0,00269	0,00299	0,00262	0,00256	0,00249	0,00244	0,00208	0,00182	0,00163	0,00156	0,00139	0,00167	0,00119	0,00157	0,00125	0,00161	0,00159	0,00187	0,00154	0,00198	0,00157	0,00192	0,00172	0,00162	0,00185	0,00172
0,00117	0,00130	0,00157	0,00151	0,00152	0,00151	0,00128	0,00167	0,00147	0,00156	0,00143	0,00125	0,00162	0,00127	0,00135	0,00169	0,00110	0,00145	0,00154	0,00138	0,00148	0,00201	0,00181	0,00227	0,00263	0,00249	0,00254	0,00255	0,00250	0,00249	0,00249	0,00213	0,00178	0,00143	0,00171	0,00172	0,00132	0,00134	0,00134	0,00142	0,00153	0,00134	0,00165	0,00168	0,00158	0,00164	0,00150	0,00186	0,00189	0,00167	0,00189
0,00152	0,00132	0,00131	0,00143	0,00176	0,00139	0,00131	0,00149	0,00155	0,00156	0,00122	0,00129	0,00145	0,00134	0,00161	0,00141	0,00117	0,00137	0,00165	0,00133	0,00175	0,00152	0,00156	0,00179	0,00212	0,00216	0,00213	0,00227	0,00218	0,00217	0,00215	0,00214	0,00195	0,00187	0,00182	0,00150	0,00131	0,00170	0,00132	0,00165	0,00154	0,00169	0,00166	0,00153	0,00160	0,00158	0,00152	0,00163	0,00160	0,00165	0,00157
0,00146	0,00124	0,00154	0,00130	0,00126	0,00129	0,00128	0,00130	0,00134	0,00165	0,00130	0,00156	0,00141	0,00155	0,00120	0,00132	0,00133	0,00139	0,00138	0,00132	0,00149	0,00162	0,00175	0,00170	0,00198	0,00191	0,00199	0,00191	0,00199	0,00216	0,00205	0,00188	0,00166	0,00156	0,00174	0,00146	0,00133	0,00154	0,00162	0,00145	0,00157	0,00142	0,00156	0,00185	0,00141	0,00161	0,00147	0,00159	0,00155	0,00151	0,00168
0,00138	0,00146	0,00131	0,00139	0,00134	0,00125	0,00124	0,00138	0,00117	0,00122	0,00122	0,00141	0,00119	0,00149	0,00143	0,00126	0,00135	0,00145	0,00158	0,00143	0,00129	0,00175	0,00170	0,00137	0,00164	0,00204	0,00178	0,00182	0,00201	0,00188	0,00220	0,00182	0,00200	0,00159	0,00152	0,00141	0,00128	0,00142	0,00146	0,00181	0,00146	0,00175	0,00145	0,00170	0,00149	0,00188	0,00136	0,00192	0,00159	0,00152	0,00183
0,00148	0,00145	0,00138	0,00133	0,00124	0,00129	0,00164	0,00127	0,00138	0,00135	0,00157	0,00123	0,00131	0,00133	0,00149	0,00136	0,00130	0,00128	0,00137	0,00138	0,00139	0,00126	0,00130	0,00142	0,00175	0,00156	0,00167	0,00171	0,00180	0,00189	0,00188	0,00179	0,00166	0,00164	0,00150	0,00149	0,00150	0,00143	0,00134	0,00141	0,00160	0,00151	0,00166	0,00149	0,00147	0,00174	0,00193	0,00167	0,00168	0,00154	0,00156
0,00158	0,00117	0,00134	0,00125	0,00160	0,00140	0,00122	0,00158	0,00128	0,00140	0,00141	0,00110	0,00132	0,00166	0,00124	0,00136	0,00131	0,00138	0,00153	0,00153	0,00143	0,00141	0,00137	0,00144	0,00155	0,00166	0,00139	0,00149	0,00162	0,00165	0,00178	0,00175	0,00185	0,00154	0,00179	0,00184	0,00147	0,00130	0,00152	0,00136	0,00143	0,00128	0,00164	0,00160	0,00183	0,00158	0,00149	0,00164	0,00165	0,00155	0,00156
0,00152	0,00133	0,00126	0,00160	0,00152	0,00151	0,00152	0,00126	0,00141	0,00127	0,00137	0,00118	0,00133	0,00137	0,00134	0,00115	0,00137	0,00132	0,00134	0,00118	0,00128	0,00145	0,00128	0,00138	0,00171	0,00165	0,00157	0,00157	0,00156	0,00157	0,00172	0,00150	0,00153	0,00146	0,00179	0,00141	0,00172	0,00149	0,00169	0,00138	0,00157	0,00175	0,00171	0,00183	0,00162	0,00171	0,00170	0,00154	0,00155	0,00159	0,00147
0,00125	0,00122	0,00137	0,00121	0,00122	0,00110	0,00154	0,00117	0,00123	0,00128	0,00120	0,00141	0,00124	0,00135	0,00146	0,00127	0,00128	0,00149	0,00126	0,00144	0,00129	0,00128	0,00128	0,00120	0,00134	0,00140	0,00137	0,00149	0,00137	0,00177	0,00150	0,00146	0,00137	0,00182	0,00162	0,00156	0,00175	0,00171	0,00139	0,00173	0,00134	0,00147	0,00154	0,00152	0,00160	0,00149	0,00153	0,00147	0,00175	0,00151	0,00176
0,00121	0,00130	0,00122	0,00142	0,00145	0,00129	0,00157	0,00116	0,00148	0,00122	0,00124	0,00117	0,00127	0,00132	0,00145	0,00150	0,00125	0,00152	0,00148	0,00160	0,00123	0,00155	0,00124	0,00134	0,00129	0,00151	0,00126	0,00175	0,00135	0,00144	0,00165	0,00155	0,00151	0,00147	0,00149	0,00185	0,00144	0,00146	0,00149	0,00148	0,00147	0,00168	0,00153	0,00145	0,00158	0,00154	0,00189	0,00157	0,00145	0,00178	0,00141
