21,20000	21,30000	21,40000	21,50000	21,60000	21,70000	21,80000	21,90000	22,00000	22,10000	22,20000	22,30000	22,40000	22,50000	22,60000	22,70000	22,80000	22,90000	23,00000	23,10000	23,20000	23,30000	23,40000	23,50000	23,60000	23,70000	23,80000	23,90000	24,00000	24,10000	24,20000	24,30000	24,40000	24,50000	24,60000	24,70000	24,80000	24,90000	25,00000	25,10000	25,20000	25,30000	25,40000	25,50000	25,60000	25,70000	25,80000	25,90000	26,00000	26,10000	26,20000
17,70000	17,80000	17,90000	18,00000	18,10000	18,20000	18,30000	18,40000	18,50000	18,60000	18,70000	18,80000	18,90000	19,00000	19,10000	19,20000	19,30000	19,40000	19,50000	19,60000	19,70000	19,80000	19,90000	20,00000	20,10000	20,20000	20,30000	20,40000	20,50000	20,60000	20,70000	20,80000	20,90000	21,00000	21,10000	21,20000	21,30000	21,40000	21,50000	21,60000	21,70000	21,80000	21,90000	22,00000	22,10000	22,20000	22,30000	22,40000	22,50000	22,60000	22,70000
0,14907	0,15302	0,19962	0,20254	0,19133	0,23266	0,19038	0,25969	0,19702	0,24762	0,29215	0,23421	0,20287	0,25450	0,24276	0,26341	0,28412	0,22181	0,22336	0,25206	0,20872	0,22398	0,21283	0,20047	0,23631	0,16358	0,19827	0,19024	0,13388	0,10314	0,14240	0,11754	0,08765	0,12293	0,12879	0,08055	0,08370	0,11481	0,07765	0,07963	0,08446	0,05990	0,06223	0,06759	0,03083	0,06799	0,07565	0,07565	0,04503	0,04283	0,06486
0,14286	0,23809	0,21106	0,20662	0,22947	0,23171	0,19636	0,28639	0,28442	0,27423	0,31040	0,29386	0,32388	0,31750	0,24289	0,28304	0,30408	0,35321	0,25637	0,29205	0,28274	0,25969	0,25285	0,19955	0,21053	0,18705	0,20774	0,17068	0,17857	0,14700	0,12471	0,14944	0,12990	0,14661	0,06923	0,08222	0,07459	0,09380	0,07440	0,08305	0,07746	0,05944	0,05559	0,05148	0,05026	0,03724	0,06476	0,04944	0,04661	0,05473	0,06598
0,15532	0,16127	0,26206	0,27538	0,21300	0,34999	0,23457	0,39090	0,25331	0,29238	0,37643	0,31083	0,31592	0,31441	0,30001	0,38271	0,27442	0,32474	0,29797	0,31997	0,27123	0,25226	0,31092	0,32878	0,21645	0,21500	0,18922	0,19149	0,19353	0,13822	0,16690	0,14815	0,11100	0,10942	0,11511	0,09423	0,09916	0,09048	0,10567	0,08150	0,05204	0,02826	0,08597	0,08568	0,04073	0,04497	0,06710	0,05539	0,03925	0,02645	0,08173
0,23391	0,24654	0,24601	0,25673	0,31984	0,32970	0,31533	0,31257	0,33082	0,41141	0,33897	0,35081	0,36275	0,31977	0,35841	0,45163	0,34539	0,38235	0,34861	0,33023	0,33180	0,34052	0,32161	0,33716	0,21902	0,28357	0,19919	0,25568	0,22678	0,12796	0,18778	0,18196	0,06358	0,09212	0,14871	0,07150	0,10011	0,09699	0,10087	0,13444	0,07450	0,06529	0,06532	0,05141	0,06973	0,09271	0,07877	0,07374	0,06946	0,05200	0,02751
0,28018	0,28380	0,29165	0,33864	0,31671	0,30599	0,27965	0,36706	0,34078	0,39622	0,33391	0,40655	0,37225	0,34019	0,41687	0,34522	0,43065	0,45396	0,41234	0,42059	0,39662	0,42039	0,31655	0,36396	0,25709	0,28393	0,31257	0,25065	0,22612	0,19406	0,14559	0,15746	0,15141	0,13951	0,14204	0,09551	0,08055	0,10366	0,07696	0,07795	0,07075	0,07397	0,06457	0,04092	0,07844	0,08420	0,04904	0,05033	0,04918	0,06180	0,04997
0,32447	0,36248	0,35012	0,34180	0,39632	0,32618	0,31977	0,45475	0,38586	0,41253	0,45058	0,43157	0,43078	0,41105	0,47984	0,42812	0,46945	0,53542	0,52976	0,46439	0,45834	0,48652	0,38073	0,43881	0,46761	0,38248	0,37745	0,36176	0,26213	0,23487	0,17561	0,16154	0,16312	0,11994	0,17726	0,14546	0,07473	0,09580	0,09021	0,06256	0,07867	0,03928	0,06575	0,05720	0,07341	0,07525	0,07413	0,04908	0,04858	0,04533	0,06082
0,34453	0,37623	0,40004	0,39622	0,34328	0,38810	0,36232	0,38126	0,44420	0,39432	0,40346	0,49790	0,46314	0,52746	0,53571	0,52499	0,46850	0,48481	0,58323	0,61460	0,62992	0,56968	0,63288	0,56287	0,51121	0,47452	0,34328	0,36959	0,36235	0,25279	0,20948	0,19892	0,19225	0,12477	0,14039	0,12708	0,10504	0,07943	0,06923	0,10629	0,08061	0,09242	0,08495	0,05884	0,04977	0,06910	0,09209	0,06759	0,03911	0,07016	0,05842
0,45390	0,38073	0,34647	0,41842	0,43657	0,44824	0,34624	0,42398	0,46320	0,46057	0,44140	0,46399	0,50553	0,56264	0,53236	0,63005	0,68036	0,70858	0,65981	0,70677	0,66830	0,63452	0,74695	0,70358	0,58836	0,52946	0,53588	0,45538	0,34345	0,36018	0,25795	0,22392	0,23217	0,15907	0,14279	0,13503	0,09876	0,06295	0,07338	0,07926	0,09807	0,07716	0,05440	0,10231	0,07979	0,07532	0,06062	0,06776	0,06979	0,07423	0,07338
0,37228	0,35926	0,40786	0,41424	0,49175	0,49859	0,47975	0,51611	0,46791	0,45903	0,51552	0,55653	0,55755	0,65455	0,73959	0,68303	0,77148	0,79493	0,81022	0,81433	0,78977	0,79233	0,78125	0,66665	0,67658	0,73021	0,64955	0,54209	0,41056	0,41628	0,28810	0,29853	0,21990	0,15414	0,18899	0,11422	0,12086	0,08147	0,09696	0,09913	0,09982	0,04513	0,06733	0,08124	0,09189	0,08998	0,07693	0,07607	0,06917	0,04507	0,06618
0,43742	0,45975	0,42427	0,48162	0,47679	0,47241	0,45627	0,42549	0,46998	0,52815	0,60907	0,59398	0,67195	0,72341	0,82949	0,99558	0,83481	1,12566	1,08341	0,97904	1,10212	0,93669	1,06092	0,89394	0,80815	0,77559	0,76389	0,69618	0,57879	0,42217	0,30231	0,34479	0,21089	0,23911	0,17022	0,11517	0,13878	0,11741	0,10932	0,11277	0,09340	0,07436	0,10011	0,09061	0,11665	0,06595	0,07318	0,09646	0,04756	0,07575	0,06174
0,40490	0,45610	0,55498	0,52299	0,42881	0,43808	0,47866	0,49661	0,63410	0,60454	0,65636	0,73393	0,73840	0,87187	0,86809	1,02172	0,93461	1,26157	1,23388	1,27696	1,19834	1,14378	1,21751	1,16841	1,08088	0,97276	0,83998	0,79230	0,60822	0,46820	0,40757	0,42171	0,25782	0,25677	0,19261	0,14266	0,14092	0,10363	0,13000	0,08788	0,10041	0,06736	0,08206	0,06585	0,09202	0,08065	0,06476	0,06364	0,07548	0,06338	0,07561
0,55317	0,48478	0,48741	0,52036	0,59645	0,44841	0,51371	0,54443	0,54318	0,69944	0,71285	0,72975	0,92827	0,96283	1,14585	1,26894	1,22609	1,74949	1,53956	1,54005	1,47047	1,43759	1,29873	1,31819	1,23263	1,20623	1,12833	0,90706	0,79739	0,57820	0,44607	0,41582	0,39353	0,24134	0,22556	0,16239	0,12346	0,13842	0,08430	0,08653	0,07338	0,06223	0,06460	0,11458	0,05552	0,06601	0,07736	0,08742	0,05967	0,08739	0,08604
0,56952	0,50299	0,46567	0,56149	0,56406	0,55932	0,51536	0,60352	0,65863	0,75123	0,71897	0,91416	1,07312	1,19344	1,31185	1,50359	1,52739	1,80072	1,79105	1,95392	1,72473	1,49237	1,74482	1,51105	1,34345	1,42076	1,22241	0,97621	0,83314	0,63038	0,52940	0,45643	0,45045	0,34055	0,24641	0,17864	0,14990	0,14046	0,10978	0,10146	0,11146	0,08305	0,07719	0,08594	0,08242	0,09455	0,09571	0,11790	0,09252	0,08127	0,08193
0,53555	0,52022	0,49582	0,50783	0,62699	0,50250	0,52966	0,59592	0,65800	0,79776	0,84807	1,03096	1,09462	1,66360	1,68421	1,79703	1,90808	2,22333	2,17881	2,31096	2,23763	2,05234	1,91206	1,97766	1,62989	1,70782	1,32303	1,30044	1,05585	0,78783	0,61914	0,59089	0,44121	0,37912	0,26680	0,26653	0,16055	0,13632	0,10689	0,07219	0,08508	0,08637	0,06305	0,05756	0,07213	0,10222	0,08150	0,10274	0,07016	0,07397	0,05634
0,56199	0,47300	0,51368	0,63242	0,53986	0,55071	0,56800	0,59849	0,79907	0,86033	1,16864	1,16762	1,27814	1,77004	1,88233	2,28676	2,24658	2,69408	2,60474	2,84324	2,71861	2,49093	2,37979	2,30159	2,04842	1,79069	1,57932	1,41599	1,00613	0,90666	0,62252	0,63801	0,53844	0,43101	0,30859	0,22155	0,16091	0,15683	0,12826	0,09117	0,07834	0,06986	0,06762	0,08735	0,04099	0,10564	0,07913	0,09916	0,07920	0,11152	0,07482
0,51059	0,53611	0,53489	0,47396	0,62022	0,57409	0,61979	0,71022	0,81462	1,02649	1,11790	1,52180	1,56965	2,12228	2,32421	2,50780	2,44332	3,10811	2,96382	3,17296	3,02229	3,06135	2,97678	2,51424	2,19446	2,35256	1,80200	1,58721	1,29761	1,02754	0,76875	0,64600	0,47813	0,51105	0,31707	0,26587	0,16249	0,17035	0,11011	0,07506	0,07542	0,05171	0,07262	0,09640	0,12089	0,08748	0,06463	0,09988	0,13063	0,11738	0,11300
0,50779	0,59678	0,55087	0,47702	0,56373	0,53627	0,58461	0,76816	0,86993	1,06286	1,44377	1,70194	1,84406	2,23145	2,51661	2,91436	3,20446	3,61875	3,51602	3,63128	3,56137	3,42112	3,26253	2,98661	2,85544	2,58501	2,11242	1,78007	1,36709	1,18669	0,99752	0,72308	0,65462	0,49842	0,33102	0,22471	0,21579	0,19393	0,08186	0,08808	0,07607	0,08597	0,05838	0,07630	0,09554	0,07134	0,07331	0,15897	0,10228	0,07206	0,08699
0,45758	0,54762	0,52009	0,46630	0,54863	0,58198	0,56633	0,89391	0,93603	1,24526	1,44275	1,70878	2,07723	2,60500	2,83482	3,52027	3,62401	3,98132	4,10384	4,00598	4,14264	3,81480	3,75620	3,51349	3,18890	2,81891	2,50481	2,02830	1,64679	1,24565	0,91732	0,81824	0,63068	0,54403	0,34657	0,28580	0,24401	0,15677	0,07709	0,08972	0,07755	0,09117	0,07141	0,04329	0,06572	0,09347	0,08926	0,12839	0,07598	0,07196	0,10511
0,45653	0,49517	0,49763	0,51381	0,47044	0,58734	0,68204	0,79559	0,97194	1,30195	1,55275	1,95530	2,28985	3,05609	3,19509	3,68103	3,79740	4,66611	4,87942	4,67933	4,64667	4,20292	3,99171	3,64338	3,25862	3,06503	2,55574	2,19692	1,82752	1,41602	1,17394	0,82456	0,72065	0,58665	0,44867	0,28054	0,22520	0,15299	0,10715	0,07732	0,06483	0,06572	0,05335	0,07749	0,10534	0,08416	0,09577	0,11294	0,10728	0,13717	0,11060
0,42578	0,47264	0,49264	0,43026	0,54272	0,64327	0,73192	0,93225	1,05822	1,57290	1,55502	2,14277	2,64397	3,27588	3,70333	4,42744	4,38305	5,00507	5,06899	5,20654	5,07432	4,84377	4,39015	4,23034	3,71513	3,36440	2,88648	2,23823	1,92975	1,46982	1,08262	0,91535	0,67961	0,51388	0,40349	0,29912	0,26841	0,19067	0,11264	0,07999	0,08288	0,05250	0,05976	0,07841	0,06378	0,07292	0,10176	0,12139	0,14427	0,11935	0,10011
0,42388	0,42809	0,50618	0,49280	0,52036	0,60082	0,76464	0,91814	1,14036	1,60510	1,80131	2,41227	2,86803	3,46351	3,96741	4,31929	4,90250	5,31482	5,46773	5,65720	5,43797	5,17234	4,89540	4,61971	3,65127	3,55673	2,64130	2,28676	2,07460	1,49369	1,43940	0,91597	0,73426	0,58316	0,44627	0,34026	0,25765	0,11287	0,12668	0,08295	0,09347	0,04750	0,04319	0,08022	0,09603	0,08022	0,06776	0,13510	0,11234	0,09893	0,15440
0,46232	0,43246	0,48645	0,48744	0,54929	0,61664	0,81791	1,06217	1,17634	1,56482	1,93837	2,50158	3,04764	3,57071	4,26365	4,76226	5,05603	5,60423	5,82540	5,81531	5,73833	5,42784	4,95972	4,74621	4,00157	3,39018	3,23418	2,54999	2,12557	1,72953	1,22911	1,03063	0,82640	0,63693	0,54104	0,26393	0,21859	0,11761	0,04645	0,08291	0,06220	0,04280	0,05927	0,06394	0,05851	0,08236	0,09518	0,10837	0,12076	0,13618	0,10511
0,41368	0,44722	0,43581	0,53206	0,54374	0,64643	0,81456	1,00975	1,33016	1,64055	2,12586	2,57258	2,99078	3,70980	4,32034	4,89974	5,45487	5,69640	5,81511	6,02898	5,66434	5,60646	4,94410	4,64122	4,13787	3,64400	3,16536	2,57524	2,08555	1,83321	1,36515	1,04214	0,77290	0,62650	0,41086	0,31171	0,25249	0,12734	0,10698	0,07729	0,06687	0,05707	0,07114	0,08923	0,09183	0,09797	0,12181	0,11297	0,18834	0,12560	0,12333
0,39668	0,39757	0,41309	0,42039	0,50605	0,58500	0,80390	1,01048	1,29028	1,75041	2,13543	2,71049	3,27956	3,89714	4,11295	5,06426	5,47664	5,66950	5,93398	5,74385	5,91524	5,63419	5,33074	4,76341	4,17405	3,41284	3,11074	2,50593	2,05809	1,57353	1,18104	0,98930	0,77891	0,52624	0,42825	0,36571	0,18821	0,06565	0,07982	0,04641	0,04461	0,05986	0,07117	0,06151	0,07012	0,09485	0,12066	0,10794	0,11629	0,12507	0,16611
0,44012	0,43739	0,54910	0,46143	0,51598	0,67283	0,85721	1,01360	1,43171	1,59533	2,14576	2,58330	3,06132	3,70014	4,22084	4,74598	5,25830	5,59466	5,58239	6,03832	5,62695	5,36556	4,97100	4,45224	3,91134	3,27128	2,94659	2,66672	2,06648	1,52615	1,31139	0,94356	0,74932	0,51066	0,31622	0,23654	0,18814	0,14227	0,08311	0,03418	0,04625	0,04697	0,04516	0,07594	0,08975	0,13809	0,11057	0,14270	0,11790	0,12464	0,12533
0,40217	0,39599	0,29830	0,44634	0,52384	0,57675	0,89404	1,07558	1,38287	1,61398	1,98365	2,57340	3,17927	3,56541	4,19542	4,51419	5,16198	5,41196	5,36852	5,39286	5,17185	5,20230	4,72020	4,19220	3,86892	3,47893	2,48817	2,20209	1,96954	1,49435	1,20527	0,96993	0,70411	0,47757	0,35153	0,25979	0,18650	0,09508	0,08979	0,03290	0,03688	0,03569	0,06443	0,07272	0,12040	0,10744	0,11741	0,13234	0,15305	0,14069	0,17453
0,37163	0,40240	0,40839	0,43851	0,51835	0,65347	0,80111	1,06920	1,32053	1,74735	1,98894	2,55449	2,76274	3,44773	3,79780	4,39617	4,90135	5,06958	4,92312	5,45701	5,16846	4,71461	4,52280	3,69836	3,62819	2,93557	2,49672	2,13362	1,92534	1,32247	1,23257	0,75820	0,63725	0,42407	0,30063	0,17880	0,14115	0,10728	0,10110	0,09738	0,03790	0,07959	0,05121	0,09978	0,12073	0,10958	0,14105	0,17324	0,14072	0,14588	0,16006
0,36002	0,40987	0,36597	0,42184	0,53341	0,63258	0,72834	1,01551	1,16940	1,58994	1,81154	2,29778	2,89898	3,26322	3,74926	4,03758	4,18726	4,09861	4,45707	4,56614	4,58607	4,39367	4,15609	3,57225	3,45335	2,71726	2,54440	1,89019	1,67606	1,40556	1,07289	0,79411	0,61345	0,44177	0,32467	0,18370	0,11333	0,10455	0,07588	0,04286	0,03576	0,03819	0,04296	0,08673	0,07374	0,12310	0,09896	0,14967	0,12520	0,17702	0,13924
0,36344	0,40619	0,39366	0,41174	0,59779	0,54640	0,76043	0,90749	1,20853	1,53144	1,87020	2,13984	2,43519	2,85051	3,19334	3,71628	3,88198	3,97895	4,04560	4,30706	3,90460	3,87435	3,59008	3,21998	3,11232	2,46088	2,20886	1,76685	1,51207	1,17029	0,96069	0,70522	0,50957	0,38175	0,30234	0,20110	0,12139	0,08966	0,03359	0,02172	0,02330	0,03487	0,07407	0,08383	0,10554	0,11521	0,13845	0,09656	0,16068	0,11767	0,15887
0,31214	0,37784	0,30096	0,44065	0,43969	0,60579	0,76247	0,97904	1,17703	1,34690	1,95593	2,01127	2,19992	2,70352	3,05737	3,51974	3,64762	3,55851	3,66334	3,82036	3,73131	3,56854	3,29587	2,78362	2,60786	2,20991	1,87526	1,56774	1,41783	1,04520	0,82350	0,64337	0,48376	0,30057	0,20705	0,15295	0,09742	0,08104	0,04674	0,03888	0,04207	0,06772	0,10567	0,09613	0,10833	0,15144	0,12375	0,15105	0,18242	0,13691	0,18472
0,34111	0,33042	0,33815	0,46192	0,55222	0,53413	0,63551	0,91433	1,16299	1,31020	1,55216	1,77530	2,08687	2,42793	2,75649	3,00450	3,34467	2,81036	3,02012	3,10693	3,05126	3,21597	2,89733	2,37334	2,46617	1,90630	1,71710	1,36370	1,27548	0,89391	0,74195	0,47948	0,34118	0,25591	0,17814	0,10179	0,11106	0,03316	0,02313	0,07742	0,05467	0,06134	0,08956	0,11757	0,10426	0,14306	0,12004	0,17676	0,17821	0,17384	0,15253
0,40497	0,28587	0,34210	0,41151	0,44058	0,58915	0,65846	0,82929	0,90522	1,33187	1,46334	1,64909	1,81111	2,06401	2,31853	2,62917	2,59793	2,78185	2,88701	2,94008	2,74515	2,62401	2,43723	2,18331	1,99266	1,60115	1,38725	1,34470	0,95734	0,82748	0,54209	0,37840	0,32358	0,15664	0,13928	0,07732	0,02231	0,03892	0,03293	0,04918	0,07946	0,05332	0,08387	0,13273	0,15302	0,15887	0,20264	0,11964	0,18275	0,17051	0,17012
0,27650	0,35440	0,31697	0,51187	0,44173	0,53805	0,66139	0,81722	1,00232	1,06500	1,34697	1,61950	1,73969	2,05152	2,12294	2,24638	2,50126	2,27420	2,53286	2,66482	2,32129	2,36897	2,17529	1,93616	1,90667	1,40520	1,12547	1,12083	0,82380	0,60315	0,59447	0,38491	0,25512	0,15072	0,14391	0,06565	0,05523	0,06256	0,03326	0,07203	0,08206	0,08443	0,10718	0,11895	0,08939	0,18268	0,13990	0,12244	0,16085	0,19442	0,19876
0,28429	0,34032	0,36669	0,40928	0,47945	0,52578	0,64212	0,77441	0,84231	1,12806	1,16085	1,33681	1,53177	1,83850	1,80457	2,05142	2,00190	1,90081	2,17098	2,12425	2,11741	1,76050	1,76264	1,42924	1,45795	1,21139	1,17565	0,77921	0,70493	0,53614	0,41835	0,24483	0,20665	0,11550	0,07693	0,06105	0,06710	0,03428	0,05953	0,09413	0,07979	0,09100	0,11001	0,17485	0,14039	0,15069	0,19021	0,15933	0,17153	0,16634	0,15746
0,31300	0,37662	0,31102	0,35436	0,42509	0,50092	0,59490	0,77865	0,70651	0,83449	1,15398	1,15657	1,33526	1,50842	1,72038	1,80263	1,84705	1,77132	1,90048	1,80200	1,61042	1,67297	1,43197	1,28669	1,11892	0,99130	0,88677	0,60851	0,62361	0,39747	0,37610	0,24782	0,17897	0,12918	0,03905	0,04497	0,01830	0,05710	0,07042	0,07788	0,05401	0,13997	0,13928	0,14871	0,13405	0,13826	0,18117	0,17453	0,15506	0,19001	0,13914
0,23329	0,31793	0,31155	0,35647	0,43496	0,48599	0,61983	0,69976	0,78799	0,82909	0,95911	1,08716	1,28508	1,26071	1,42496	1,56630	1,61276	1,49376	1,59165	1,62917	1,46620	1,46893	1,32260	1,18351	1,11208	0,79029	0,71262	0,55163	0,44693	0,32506	0,23105	0,16936	0,09584	0,05628	0,07972	0,04964	0,03162	0,06328	0,08311	0,07348	0,09972	0,13632	0,14848	0,18715	0,13967	0,15463	0,16058	0,19294	0,14131	0,16683	0,12267
0,31247	0,32263	0,30389	0,34289	0,43821	0,48790	0,60398	0,54311	0,62824	0,75304	0,93751	0,92334	1,06828	1,08476	1,30800	1,18666	1,24184	1,39126	1,27479	1,24957	1,20603	1,20965	1,13293	0,91995	0,85714	0,63581	0,57030	0,39392	0,35906	0,27002	0,20027	0,11622	0,10343	0,04908	0,03099	0,05378	0,06733	0,09094	0,09097	0,07591	0,08982	0,10863	0,16269	0,15128	0,17268	0,18715	0,14700	0,16686	0,16723	0,12563	0,18242
0,26190	0,26601	0,35456	0,40638	0,40198	0,46787	0,55620	0,57481	0,72374	0,58609	0,89999	0,84119	0,96007	0,98105	1,09209	1,09942	1,19025	1,05490	1,09896	1,10524	1,09429	0,88871	0,85777	0,65508	0,66816	0,57889	0,53298	0,39875	0,22569	0,22566	0,17650	0,11208	0,10166	0,06914	0,05733	0,05256	0,04812	0,07002	0,08775	0,10113	0,14441	0,11596	0,11882	0,13520	0,16292	0,18531	0,14388	0,13434	0,16479	0,17824	0,13299
0,28616	0,29041	0,26959	0,35722	0,39678	0,48040	0,51283	0,45035	0,59332	0,69710	0,65813	0,73432	0,79585	0,90597	1,03192	0,99394	1,01981	0,98979	0,92659	0,92610	0,87395	0,68418	0,75050	0,61447	0,61358	0,40155	0,45396	0,31921	0,21694	0,19041	0,14339	0,06578	0,05727	0,08919	0,04536	0,06762	0,06167	0,07052	0,07726	0,13441	0,10955	0,19038	0,17239	0,13109	0,15572	0,18475	0,16187	0,16940	0,12537	0,17995	0,13691
0,35778	0,31720	0,30441	0,33871	0,36801	0,43585	0,40671	0,53216	0,57912	0,61394	0,65626	0,68816	0,72844	0,78158	0,80624	0,82909	0,78076	0,77260	0,83238	0,77224	0,68401	0,62430	0,61157	0,51618	0,47123	0,32016	0,31684	0,18666	0,22707	0,16121	0,11521	0,04428	0,08841	0,04536	0,05348	0,06720	0,05782	0,15430	0,10547	0,11050	0,12671	0,10393	0,14214	0,17282	0,16154	0,19649	0,12523	0,19837	0,16121	0,12711	0,16256
0,24213	0,22602	0,32220	0,35525	0,35617	0,40471	0,41631	0,53824	0,51299	0,48997	0,51213	0,62778	0,65613	0,66530	0,74985	0,71848	0,77747	0,69454	0,59082	0,57816	0,52253	0,64196	0,50049	0,40142	0,35643	0,33371	0,24664	0,18633	0,13714	0,08538	0,10840	0,04941	0,06384	0,06529	0,03888	0,07111	0,06884	0,10620	0,09400	0,15674	0,14842	0,14230	0,16351	0,11997	0,20511	0,13697	0,15443	0,19218	0,15115	0,13454	0,14076
0,21165	0,25430	0,32158	0,34012	0,38481	0,37495	0,45153	0,43016	0,49395	0,45860	0,59454	0,59000	0,54762	0,61197	0,68816	0,65419	0,63864	0,54729	0,56370	0,50835	0,42700	0,49181	0,38702	0,29346	0,26466	0,22829	0,21132	0,10606	0,08479	0,06946	0,09649	0,06920	0,04839	0,06371	0,09123	0,06933	0,10162	0,17453	0,12747	0,10116	0,15348	0,15055	0,15124	0,18761	0,17311	0,17285	0,16045	0,11313	0,14717	0,11287	0,10991
0,23631	0,29202	0,32832	0,27883	0,31425	0,36469	0,46367	0,46100	0,47383	0,46015	0,48908	0,57201	0,51467	0,51684	0,58398	0,56238	0,56675	0,45055	0,46873	0,49675	0,42056	0,36636	0,28028	0,28820	0,25765	0,17916	0,13280	0,14444	0,10728	0,09567	0,06868	0,06624	0,06253	0,06614	0,08499	0,07759	0,10955	0,14125	0,12329	0,14302	0,13105	0,14681	0,15858	0,13148	0,19462	0,14046	0,13135	0,14069	0,14352	0,14125	0,11093
0,20366	0,22267	0,29803	0,26949	0,29041	0,33802	0,42638	0,37689	0,40938	0,36521	0,48685	0,54538	0,41066	0,56192	0,56593	0,49513	0,46344	0,40214	0,44170	0,39218	0,34243	0,30159	0,24434	0,24858	0,25519	0,17002	0,16256	0,12678	0,10527	0,06276	0,08755	0,07801	0,09936	0,09002	0,10080	0,09738	0,13717	0,12060	0,16328	0,10915	0,14444	0,16900	0,17890	0,16683	0,16529	0,17328	0,13697	0,14894	0,10906	0,12389	0,11336
0,21990	0,22017	0,24036	0,24651	0,27952	0,34719	0,35597	0,33828	0,39823	0,44824	0,38715	0,48024	0,52943	0,44847	0,48277	0,36498	0,40388	0,41391	0,41030	0,31793	0,32007	0,29317	0,29399	0,18715	0,20244	0,13046	0,08183	0,09229	0,08196	0,09965	0,08018	0,07236	0,08545	0,10393	0,08942	0,12234	0,11353	0,14365	0,13711	0,15430	0,15716	0,12981	0,14884	0,14700	0,15164	0,11303	0,13964	0,11514	0,11813	0,10356	0,09176
0,22230	0,23253	0,29083	0,26015	0,28143	0,32464	0,30247	0,34831	0,33641	0,34664	0,37560	0,38833	0,40425	0,46587	0,40313	0,31599	0,39484	0,36051	0,36594	0,27985	0,31503	0,26321	0,22480	0,18459	0,15631	0,15601	0,12668	0,12974	0,05855	0,07736	0,06124	0,10804	0,11294	0,07039	0,13082	0,12553	0,11797	0,13263	0,12971	0,12162	0,11396	0,15483	0,14122	0,15907	0,14411	0,10462	0,10514	0,08926	0,14052	0,09294	0,07762
0,16877	0,19889	0,26989	0,28613	0,21040	0,23437	0,32016	0,40434	0,34650	0,34700	0,40780	0,38231	0,39129	0,41056	0,38179	0,42723	0,39556	0,33358	0,29261	0,27975	0,20126	0,23730	0,22461	0,16298	0,16150	0,16976	0,13424	0,10468	0,08252	0,09436	0,10708	0,10570	0,10518	0,11136	0,12527	0,12083	0,11054	0,10728	0,12688	0,15976	0,12556	0,09554	0,14247	0,14759	0,12366	0,12086	0,07535	0,09531	0,11935	0,08554	0,10485
0,21011	0,22579	0,24345	0,26262	0,25667	0,26610	0,36041	0,33345	0,35920	0,35285	0,35117	0,34440	0,38399	0,34216	0,30057	0,33440	0,32414	0,24953	0,30369	0,23381	0,22240	0,22540	0,13911	0,14033	0,16358	0,10153	0,11757	0,09531	0,13322	0,06519	0,08028	0,09909	0,09672	0,12842	0,10031	0,10784	0,11501	0,09751	0,14907	0,08942	0,15628	0,13115	0,13411	0,12106	0,07769	0,11307	0,14457	0,11787	0,12339	0,06177	0,10702
0,14667	0,14306	0,17479	0,25585	0,21290	0,27689	0,32786	0,30478	0,30004	0,34236	0,30734	0,31211	0,33424	0,31878	0,25243	0,30247	0,22467	0,23164	0,23944	0,28748	0,20034	0,11876	0,16805	0,17795	0,16279	0,16312	0,09163	0,11024	0,07847	0,10304	0,10347	0,08222	0,13276	0,09942	0,08535	0,13697	0,12658	0,10149	0,12471	0,13132	0,09455	0,07949	0,13398	0,10488	0,10212	0,10942	0,07778	0,08762	0,08841	0,07933	0,08771
0,17466	0,16696	0,19462	0,19876	0,27265	0,23901	0,27005	0,27548	0,30593	0,25065	0,24726	0,33394	0,27258	0,29593	0,30770	0,30704	0,20909	0,22155	0,20550	0,21737	0,19070	0,18018	0,17913	0,13727	0,16953	0,11040	0,09370	0,10909	0,11491	0,07584	0,09525	0,12468	0,10452	0,13280	0,12300	0,08186	0,12895	0,11123	0,10725	0,09350	0,06956	0,11599	0,10074	0,13865	0,07604	0,11511	0,08969	0,13119	0,08305	0,07239	0,08351
0,15854	0,21073	0,18880	0,19320	0,23151	0,26219	0,21007	0,24700	0,19376	0,29021	0,24657	0,24503	0,29840	0,22221	0,26114	0,21053	0,22178	0,18929	0,19284	0,12744	0,14408	0,15907	0,14704	0,13046	0,15707	0,09968	0,11777	0,09860	0,09478	0,08433	0,08137	0,08374	0,10636	0,09571	0,09347	0,08926	0,09666	0,10541	0,11083	0,11103	0,09324	0,09432	0,11070	0,06312	0,10370	0,12270	0,05332	0,08229	0,05217	0,09094	0,04165
